# Camera list with one line of data per camera:
#   CAMERA_ID, MODEL, WIDTH, HEIGHT, PARAMS[]
# Number of cameras: 305
1 SIMPLE_RADIAL 1920 1080 1610.0339071523222 960 540 0.13590821769982611
2 SIMPLE_RADIAL 1920 1080 1603.6205953508043 960 540 0.1376152371134296
3 SIMPLE_RADIAL 1920 1080 1603.1293040011137 960 540 0.14654020339202842
4 SIMPLE_RADIAL 1920 1080 1608.2218015983865 960 540 0.13865561108922456
5 SIMPLE_RADIAL 1920 1080 1602.1508298916701 960 540 0.13567473237263966
6 SIMPLE_RADIAL 1920 1080 1601.7808424364293 960 540 0.12079978859748809
7 SIMPLE_RADIAL 1920 1080 1603.2258949403824 960 540 0.10614480121132222
8 SIMPLE_RADIAL 1920 1080 1599.7339268624235 960 540 0.12425579759414467
9 SIMPLE_RADIAL 1920 1080 1607.0590736973486 960 540 0.11666513233978468
10 SIMPLE_RADIAL 1920 1080 1603.9637458095008 960 540 0.11602492787501756
11 SIMPLE_RADIAL 1920 1080 1611.3704332116031 960 540 0.12272041550166449
12 SIMPLE_RADIAL 1920 1080 1590.3593351869965 960 540 0.17354132126319718
13 SIMPLE_RADIAL 1920 1080 1587.8291415935726 960 540 0.17042645297707834
14 SIMPLE_RADIAL 1920 1080 1617.0490238346943 960 540 0.11619249680241833
15 SIMPLE_RADIAL 1920 1080 1624.9904715315372 960 540 0.15815327638471993
16 SIMPLE_RADIAL 1920 1080 1624.669391144871 960 540 0.20269357513755526
17 SIMPLE_RADIAL 1920 1080 1619.0170154926589 960 540 0.20128804718072718
18 SIMPLE_RADIAL 1920 1080 1610.1519488470401 960 540 0.1410730136993098
19 SIMPLE_RADIAL 1920 1080 1624.2370037528751 960 540 0.13893022583371251
20 SIMPLE_RADIAL 1920 1080 1612.7039738361591 960 540 0.12562899763478158
21 SIMPLE_RADIAL 1920 1080 1613.9502290664891 960 540 0.14381257583656698
22 SIMPLE_RADIAL 1920 1080 1613.3225400721374 960 540 0.14539908191086695
23 SIMPLE_RADIAL 1920 1080 1618.1790287672377 960 540 0.13229912233669289
24 SIMPLE_RADIAL 1920 1080 1623.1613319843143 960 540 0.1492009684266272
25 SIMPLE_RADIAL 1920 1080 1625.339783164266 960 540 0.16540101915470229
26 SIMPLE_RADIAL 1920 1080 1613.3760753124366 960 540 0.15357060880312806
27 SIMPLE_RADIAL 1920 1080 1606.6283994327805 960 540 0.18325076651049174
28 SIMPLE_RADIAL 1920 1080 1621.8110493006586 960 540 0.20057975685203011
29 SIMPLE_RADIAL 1920 1080 1606.4144511660934 960 540 0.18047430694096864
30 SIMPLE_RADIAL 1920 1080 1601.656893871125 960 540 0.17190160994125986
31 SIMPLE_RADIAL 1920 1080 1585.8174883483453 960 540 0.19474995850017748
32 SIMPLE_RADIAL 1920 1080 1577.4848228410071 960 540 0.17660244673408451
33 SIMPLE_RADIAL 1920 1080 1569.9587940036329 960 540 0.15594915104378668
34 SIMPLE_RADIAL 1920 1080 1575.7259547834387 960 540 0.13789445940329631
35 SIMPLE_RADIAL 1920 1080 1554.9408180312316 960 540 0.17220678952304105
36 SIMPLE_RADIAL 1920 1080 1580.9845063854455 960 540 0.1082070401110356
37 SIMPLE_RADIAL 1920 1080 1576.7346444065095 960 540 0.14116737842815547
38 SIMPLE_RADIAL 1920 1080 1579.450530826836 960 540 0.13725504735230368
39 SIMPLE_RADIAL 1920 1080 1589.7913441610033 960 540 0.12382890580207123
40 SIMPLE_RADIAL 1920 1080 1593.2998448452299 960 540 0.10037602085277228
41 SIMPLE_RADIAL 1920 1080 1596.1525824090693 960 540 0.091315639568195467
42 SIMPLE_RADIAL 1920 1080 1591.8960126773991 960 540 0.090836844591310376
43 SIMPLE_RADIAL 1920 1080 1597.5514247566562 960 540 0.1036142240688792
44 SIMPLE_RADIAL 1920 1080 1603.7594901634775 960 540 0.10439801424625098
45 SIMPLE_RADIAL 1920 1080 1600.6519211929037 960 540 0.13213234997248577
46 SIMPLE_RADIAL 1920 1080 1599.1898043484098 960 540 0.11510124427348414
47 SIMPLE_RADIAL 1920 1080 1610.0805109226981 960 540 0.14936764271301983
48 SIMPLE_RADIAL 1920 1080 1594.7950734593039 960 540 0.10526964439079675
49 SIMPLE_RADIAL 1920 1080 1594.9622000271224 960 540 0.11278142287752094
50 SIMPLE_RADIAL 1920 1080 1595.4716580663228 960 540 0.10667670309163149
51 SIMPLE_RADIAL 1920 1080 1604.9048357691904 960 540 0.15994637073993653
52 SIMPLE_RADIAL 1920 1080 1601.8275902788678 960 540 0.14116201583100041
53 SIMPLE_RADIAL 1920 1080 1611.4037827078739 960 540 0.13375205336209559
54 SIMPLE_RADIAL 1920 1080 1608.2379174106979 960 540 0.12298902694627085
55 SIMPLE_RADIAL 1920 1080 1604.8225123044135 960 540 0.12246310256354107
56 SIMPLE_RADIAL 1920 1080 1610.6071699732083 960 540 0.1492379962167398
57 SIMPLE_RADIAL 1920 1080 1610.8902815967265 960 540 0.1586114660754524
58 SIMPLE_RADIAL 1920 1080 1612.394912108605 960 540 0.16326730996809172
59 SIMPLE_RADIAL 1920 1080 1607.1158066846024 960 540 0.12018180220692565
60 SIMPLE_RADIAL 1920 1080 1606.9121720792639 960 540 0.1188709456018447
61 SIMPLE_RADIAL 1920 1080 1605.0077629727639 960 540 0.12654353276634484
62 SIMPLE_RADIAL 1920 1080 1594.1694527995212 960 540 0.15628522481814081
63 SIMPLE_RADIAL 1920 1080 1596.5291362366518 960 540 0.15242299204965071
64 SIMPLE_RADIAL 1920 1080 1606.406015951771 960 540 0.17098799807903059
65 SIMPLE_RADIAL 1920 1080 1614.8707829264827 960 540 0.17258499199771912
66 SIMPLE_RADIAL 1920 1080 1607.7057884709402 960 540 0.11651337123531574
67 SIMPLE_RADIAL 1920 1080 1603.540234525293 960 540 0.10336616614715118
68 SIMPLE_RADIAL 1920 1080 1607.6699456371532 960 540 0.1237376099155048
69 SIMPLE_RADIAL 1920 1080 1621.261555452802 960 540 0.13722096449971671
70 SIMPLE_RADIAL 1920 1080 1610.7923996134921 960 540 0.12578946527408938
71 SIMPLE_RADIAL 1920 1080 1598.1322013278311 960 540 0.10555598163138635
72 SIMPLE_RADIAL 1920 1080 1610.4908731340875 960 540 0.13440183943535433
73 SIMPLE_RADIAL 1920 1080 1606.5963718550338 960 540 0.13206969270400426
74 SIMPLE_RADIAL 1920 1080 1622.8736113680304 960 540 0.15437033029867767
75 SIMPLE_RADIAL 1920 1080 1618.7234426090536 960 540 0.13516426479068849
76 SIMPLE_RADIAL 1920 1080 1607.4591994296541 960 540 0.10647844564263664
77 SIMPLE_RADIAL 1920 1080 1609.5746962097267 960 540 0.11946813041038275
78 SIMPLE_RADIAL 1920 1080 1608.8993227200776 960 540 0.11855718990895639
79 SIMPLE_RADIAL 1920 1080 1616.9320185497211 960 540 0.12611377358780745
80 SIMPLE_RADIAL 1920 1080 1624.9931044149246 960 540 0.13130769169777118
81 SIMPLE_RADIAL 1920 1080 1607.9677156276557 960 540 0.12380006234647474
82 SIMPLE_RADIAL 1920 1080 1627.5120197562514 960 540 0.1298478257945738
83 SIMPLE_RADIAL 1920 1080 1619.886836019946 960 540 0.1373894903632408
84 SIMPLE_RADIAL 1920 1080 1620.7985861731079 960 540 0.13861549419641381
85 SIMPLE_RADIAL 1920 1080 1621.9259721605688 960 540 0.12871433778244576
86 SIMPLE_RADIAL 1920 1080 1619.1609802040105 960 540 0.13186409196054721
87 SIMPLE_RADIAL 1920 1080 1623.5071047000163 960 540 0.14047311028567055
88 SIMPLE_RADIAL 1920 1080 1633.4538181669491 960 540 0.12939952077979594
89 SIMPLE_RADIAL 1920 1080 1631.5090267707933 960 540 0.12254950913941727
90 SIMPLE_RADIAL 1920 1080 1621.4749364194206 960 540 0.088001790665574578
91 SIMPLE_RADIAL 1920 1080 1637.161820492064 960 540 0.097939716253485937
92 SIMPLE_RADIAL 1920 1080 1638.1012978769879 960 540 0.095970058925749058
93 SIMPLE_RADIAL 1920 1080 1625.1322277937934 960 540 0.11689219215674548
94 SIMPLE_RADIAL 1920 1080 1615.1809984063502 960 540 0.11244429587809168
95 SIMPLE_RADIAL 1920 1080 1626.026270311223 960 540 0.11929111128957472
96 SIMPLE_RADIAL 1920 1080 1620.041775049019 960 540 0.12733117408551817
97 SIMPLE_RADIAL 1920 1080 1629.1964236386834 960 540 0.13859332994298357
98 SIMPLE_RADIAL 1920 1080 1615.7110287389173 960 540 0.14500318643972349
99 SIMPLE_RADIAL 1920 1080 1617.5139944071664 960 540 0.13170372197571514
100 SIMPLE_RADIAL 1920 1080 1619.9234760634165 960 540 0.13089400672337187
101 SIMPLE_RADIAL 1920 1080 1626.1662123957624 960 540 0.12828080676127321
102 SIMPLE_RADIAL 1920 1080 1633.5270708184912 960 540 0.12963730218140432
103 SIMPLE_RADIAL 1920 1080 1641.7091345715539 960 540 0.12296384728863556
104 SIMPLE_RADIAL 1920 1080 1642.1184509264044 960 540 0.12494430608875802
105 SIMPLE_RADIAL 1920 1080 1615.8296290245978 960 540 0.092727311639462531
106 SIMPLE_RADIAL 1920 1080 1613.9794237426549 960 540 0.079423558034234981
107 SIMPLE_RADIAL 1920 1080 1616.9619098977405 960 540 0.13387561404943898
108 SIMPLE_RADIAL 1920 1080 1611.2944902858762 960 540 0.12026444358214243
109 SIMPLE_RADIAL 1920 1080 1606.7492300719448 960 540 0.12890867739152906
110 SIMPLE_RADIAL 1920 1080 1596.36811002491 960 540 0.12813254907262361
111 SIMPLE_RADIAL 1920 1080 1585.842289458815 960 540 0.15436703569414892
112 SIMPLE_RADIAL 1920 1080 1583.8552135208063 960 540 0.14795773396375675
113 SIMPLE_RADIAL 1920 1080 1589.8723757011596 960 540 0.13604328069364252
114 SIMPLE_RADIAL 1920 1080 1591.8411189701867 960 540 0.15425756609418395
115 SIMPLE_RADIAL 1920 1080 1588.1075613575667 960 540 0.1511156085723738
116 SIMPLE_RADIAL 1920 1080 1572.0939293008196 960 540 0.12631991774126547
117 SIMPLE_RADIAL 1920 1080 1585.2514345996246 960 540 0.12677835883929314
118 SIMPLE_RADIAL 1920 1080 1605.4834379767183 960 540 0.14626608190123302
119 SIMPLE_RADIAL 1920 1080 1597.2453894948437 960 540 0.11293673145968615
120 SIMPLE_RADIAL 1920 1080 1596.9795252757613 960 540 0.12990454861437714
121 SIMPLE_RADIAL 1920 1080 1593.8234677448593 960 540 0.15364179745161893
122 SIMPLE_RADIAL 1920 1080 1578.3991457175966 960 540 0.15145493705440816
123 SIMPLE_RADIAL 1920 1080 1581.8821927862527 960 540 0.16625070067651654
124 SIMPLE_RADIAL 1920 1080 1573.3159969490785 960 540 0.19421445922793848
125 SIMPLE_RADIAL 1920 1080 1565.1568815328458 960 540 0.18513684691627752
126 SIMPLE_RADIAL 1920 1080 1574.4494423261769 960 540 0.17019945442400994
127 SIMPLE_RADIAL 1920 1080 1580.7438136679275 960 540 0.16682403922221378
128 SIMPLE_RADIAL 1920 1080 1568.3923161402067 960 540 0.17260840561360555
129 SIMPLE_RADIAL 1920 1080 1567.0041042779046 960 540 0.1509706339929151
130 SIMPLE_RADIAL 1920 1080 1565.3876607052264 960 540 0.11297991320215987
131 SIMPLE_RADIAL 1920 1080 1561.8087242742324 960 540 0.17687592164815952
132 SIMPLE_RADIAL 1920 1080 1563.987504311968 960 540 0.081901645442004276
133 SIMPLE_RADIAL 1920 1080 1583.6808859177268 960 540 0.14661419889723304
134 SIMPLE_RADIAL 1920 1080 1601.2530300680996 960 540 0.1105140729925648
135 SIMPLE_RADIAL 1920 1080 1607.1236714738818 960 540 0.071837416427966996
136 SIMPLE_RADIAL 1920 1080 1585.029585650024 960 540 0.0549817969044743
137 SIMPLE_RADIAL 1920 1080 1584.5841430021737 960 540 0.051152383376046349
138 SIMPLE_RADIAL 1920 1080 1589.488053052605 960 540 0.063908720099569036
139 SIMPLE_RADIAL 1920 1080 1585.6446779732671 960 540 0.080978755322710608
140 SIMPLE_RADIAL 1920 1080 1571.8847688022008 960 540 0.075039325404015825
141 SIMPLE_RADIAL 1920 1080 1570.5099769471815 960 540 0.052299024138036734
142 SIMPLE_RADIAL 1920 1080 1587.4706416162508 960 540 0.045648038438047503
143 SIMPLE_RADIAL 1920 1080 1606.8365444235819 960 540 0.061229628042978962
144 SIMPLE_RADIAL 1920 1080 1609.4409185554296 960 540 0.068220127517142501
145 SIMPLE_RADIAL 1920 1080 1634.4036219899222 960 540 0.058208329726757942
146 SIMPLE_RADIAL 1920 1080 1650.5086688810547 960 540 0.056655481122849363
147 SIMPLE_RADIAL 1920 1080 1677.5168233367058 960 540 0.068656334881826819
148 SIMPLE_RADIAL 1920 1080 1692.7142410035365 960 540 0.088518429553880423
149 SIMPLE_RADIAL 1920 1080 1712.4928642836603 960 540 0.15950048065742015
150 SIMPLE_RADIAL 1920 1080 1709.9980467957475 960 540 0.1703342918150888
151 SIMPLE_RADIAL 1920 1080 1653.8106671644136 960 540 0.17995424975210658
152 SIMPLE_RADIAL 1920 1080 1665.7691968492002 960 540 0.13653560771985968
153 SIMPLE_RADIAL 1920 1080 1660.3210321534325 960 540 0.14005059130355366
154 SIMPLE_RADIAL 1920 1080 1661.2638378355612 960 540 0.13817491317842698
155 SIMPLE_RADIAL 1920 1080 1652.9728904810452 960 540 0.13104668958510335
156 SIMPLE_RADIAL 1920 1080 1663.266352408873 960 540 0.18220517520458446
157 SIMPLE_RADIAL 1920 1080 1661.4948329425324 960 540 0.16542533465965636
158 SIMPLE_RADIAL 1920 1080 1656.7399853407039 960 540 0.16939012702626569
159 SIMPLE_RADIAL 1920 1080 1641.4562809665467 960 540 0.15968286311256899
160 SIMPLE_RADIAL 1920 1080 1645.5183039116955 960 540 0.15250757286689834
161 SIMPLE_RADIAL 1920 1080 1647.8222786894589 960 540 0.11232856572555402
162 SIMPLE_RADIAL 1920 1080 1644.0347603510177 960 540 0.16785129078479388
163 SIMPLE_RADIAL 1920 1080 1618.5796779221216 960 540 0.14165273169802889
164 SIMPLE_RADIAL 1920 1080 1630.6295370911464 960 540 0.14024936509838801
165 SIMPLE_RADIAL 1920 1080 1623.4800910265099 960 540 0.14853225447669385
166 SIMPLE_RADIAL 1920 1080 1620.6862533085316 960 540 0.15615197857619165
167 SIMPLE_RADIAL 1920 1080 1635.5653172162347 960 540 0.15265005586821054
168 SIMPLE_RADIAL 1920 1080 1602.7012044887883 960 540 0.15429506727634865
169 SIMPLE_RADIAL 1920 1080 1639.4826080784853 960 540 0.13970313425136585
170 SIMPLE_RADIAL 1920 1080 1618.8395842995412 960 540 0.15543724112838825
171 SIMPLE_RADIAL 1920 1080 1614.456739234824 960 540 0.14201435826323217
172 SIMPLE_RADIAL 1920 1080 1587.2789862592838 960 540 0.0094857549609096981
173 SIMPLE_RADIAL 1920 1080 1648.0559880835283 960 540 0.092340972693307918
174 SIMPLE_RADIAL 1920 1080 1633.1517099810037 960 540 0.17169009667304608
175 SIMPLE_RADIAL 1920 1080 1626.1593968771983 960 540 0.18857793341613727
176 SIMPLE_RADIAL 1920 1080 1625.1936230360875 960 540 0.18669237959510712
177 SIMPLE_RADIAL 1920 1080 1603.5083981590014 960 540 0.16462881102514709
178 SIMPLE_RADIAL 1920 1080 1586.9416084241354 960 540 0.11619409705946583
179 SIMPLE_RADIAL 1920 1080 1577.0432645213245 960 540 0.083021009355512737
180 SIMPLE_RADIAL 1920 1080 1572.5610930434082 960 540 0.041565344163771216
181 SIMPLE_RADIAL 1920 1080 1559.7836377024275 960 540 0.041890287591287149
182 SIMPLE_RADIAL 1920 1080 1614.6024063370498 960 540 0.077323763306284585
183 SIMPLE_RADIAL 1920 1080 1559.7405190449326 960 540 0.059005244836462009
184 SIMPLE_RADIAL 1920 1080 1586.4772741321574 960 540 0.059846056874511715
185 SIMPLE_RADIAL 1920 1080 1621.9278812826758 960 540 0.020016781719841243
186 SIMPLE_RADIAL 1920 1080 1602.3639745273454 960 540 0.060096516089634559
187 SIMPLE_RADIAL 1920 1080 1610.3716257167825 960 540 0.10383568764108579
188 SIMPLE_RADIAL 1920 1080 1612.1523538265656 960 540 0.095608616865778734
189 SIMPLE_RADIAL 1920 1080 1616.8159714896424 960 540 0.080548406232558767
190 SIMPLE_RADIAL 1920 1080 1598.3450022415434 960 540 0.071836651650984421
191 SIMPLE_RADIAL 1920 1080 1603.382733895246 960 540 0.072770910300231306
192 SIMPLE_RADIAL 1920 1080 1598.093533716645 960 540 0.05519646531048291
193 SIMPLE_RADIAL 1920 1080 1632.3908157920844 960 540 0.095208336453242157
194 SIMPLE_RADIAL 1920 1080 1616.3573743263325 960 540 0.070085245226964646
195 SIMPLE_RADIAL 1920 1080 1591.3586889507144 960 540 0.080214622456361004
196 SIMPLE_RADIAL 1920 1080 1599.620892765377 960 540 0.087313396248936664
197 SIMPLE_RADIAL 1920 1080 1592.6728768384935 960 540 0.14330137045819297
198 SIMPLE_RADIAL 1920 1080 1610.669361863233 960 540 0.13488632044551083
199 SIMPLE_RADIAL 1920 1080 1616.210592491401 960 540 0.17905876203056706
200 SIMPLE_RADIAL 1920 1080 1606.6326590045601 960 540 0.16808104293932263
201 SIMPLE_RADIAL 1920 1080 1610.2080401721055 960 540 0.15755743463054611
202 SIMPLE_RADIAL 1920 1080 1613.5752341003868 960 540 0.14976744859453459
203 SIMPLE_RADIAL 1920 1080 1607.530145870765 960 540 0.16350067089062792
204 SIMPLE_RADIAL 1920 1080 1614.8549900285841 960 540 0.15075707465463714
205 SIMPLE_RADIAL 1920 1080 1610.0552694101509 960 540 0.13069538094946423
206 SIMPLE_RADIAL 1920 1080 1609.3363250288619 960 540 0.11902010676214227
207 SIMPLE_RADIAL 1920 1080 1612.635178777788 960 540 0.10842030453620727
208 SIMPLE_RADIAL 1920 1080 1609.5002650458455 960 540 0.10611510008800924
209 SIMPLE_RADIAL 1920 1080 1612.0626511542296 960 540 0.10292895660613624
210 SIMPLE_RADIAL 1920 1080 1617.1870530473668 960 540 0.095466157995249074
211 SIMPLE_RADIAL 1920 1080 1613.0549510364003 960 540 0.091877176265268881
212 SIMPLE_RADIAL 1920 1080 1617.5295551324293 960 540 0.15263966418341926
213 SIMPLE_RADIAL 1920 1080 1640.1436924573234 960 540 0.141013349847499
214 SIMPLE_RADIAL 1920 1080 1644.0220079996732 960 540 0.14861139378551522
215 SIMPLE_RADIAL 1920 1080 1640.1538219321394 960 540 0.16879171803899834
216 SIMPLE_RADIAL 1920 1080 1621.5548145666487 960 540 0.1418184293233119
217 SIMPLE_RADIAL 1920 1080 1649.0208598141064 960 540 0.13515612038283462
218 SIMPLE_RADIAL 1920 1080 1640.9591705600637 960 540 0.1621042032028441
219 SIMPLE_RADIAL 1920 1080 1633.9240006675032 960 540 0.15727192903001921
220 SIMPLE_RADIAL 1920 1080 1638.1420096310874 960 540 0.14978134415610891
221 SIMPLE_RADIAL 1920 1080 1638.2340680905877 960 540 0.13280257301657272
222 SIMPLE_RADIAL 1920 1080 1633.1376520969429 960 540 0.14662143976797848
223 SIMPLE_RADIAL 1920 1080 1635.2205419229708 960 540 0.14872617546289485
224 SIMPLE_RADIAL 1920 1080 1637.8497039500619 960 540 0.13940087729520889
225 SIMPLE_RADIAL 1920 1080 1640.9947353713676 960 540 0.12344302623483581
226 SIMPLE_RADIAL 1920 1080 1628.9809251960207 960 540 0.16839176441203832
227 SIMPLE_RADIAL 1920 1080 1636.4885761480657 960 540 0.10858790930868344
228 SIMPLE_RADIAL 1920 1080 1627.8666236208455 960 540 0.10669185044846476
229 SIMPLE_RADIAL 1920 1080 1637.214577587521 960 540 0.14718801207564985
230 SIMPLE_RADIAL 1920 1080 1626.9441233603757 960 540 0.12649361362531297
231 SIMPLE_RADIAL 1920 1080 1639.9927707584422 960 540 0.15459045129680563
232 SIMPLE_RADIAL 1920 1080 1638.0679193289352 960 540 0.15075170292359422
233 SIMPLE_RADIAL 1920 1080 1640.1423038926455 960 540 0.15550986142053178
234 SIMPLE_RADIAL 1920 1080 1640.5488601018944 960 540 0.12578164743564052
235 SIMPLE_RADIAL 1920 1080 1642.5627589036246 960 540 0.12599091577737601
236 SIMPLE_RADIAL 1920 1080 1640.200125038609 960 540 0.12994236869303946
237 SIMPLE_RADIAL 1920 1080 1643.5494510648844 960 540 0.14713683408555686
238 SIMPLE_RADIAL 1920 1080 1633.7267371934272 960 540 0.18906033682565601
239 SIMPLE_RADIAL 1920 1080 1631.9464609213137 960 540 0.1495882413428623
240 SIMPLE_RADIAL 1920 1080 1625.6006697030425 960 540 0.17183059717302307
241 SIMPLE_RADIAL 1920 1080 1643.4806941553279 960 540 0.13193633049457881
242 SIMPLE_RADIAL 1920 1080 1635.8547443995474 960 540 0.15594877079089248
243 SIMPLE_RADIAL 1920 1080 1640.0883329240687 960 540 0.15443943867485702
244 SIMPLE_RADIAL 1920 1080 1634.9703897815602 960 540 0.17437111895379406
245 SIMPLE_RADIAL 1920 1080 1638.5516044907413 960 540 0.1670419525724425
246 SIMPLE_RADIAL 1920 1080 1646.2721511734451 960 540 0.1608833168754521
247 SIMPLE_RADIAL 1920 1080 1659.5489190882395 960 540 0.13792538184114952
248 SIMPLE_RADIAL 1920 1080 1645.8497834307311 960 540 0.13425051309237768
249 SIMPLE_RADIAL 1920 1080 1628.4529939330885 960 540 0.13202443616564835
250 SIMPLE_RADIAL 1920 1080 1629.884011609958 960 540 0.15536070767188517
251 SIMPLE_RADIAL 1920 1080 1627.4286095219727 960 540 0.16721839437053879
252 SIMPLE_RADIAL 1920 1080 1624.0567282678032 960 540 0.13827758558816733
253 SIMPLE_RADIAL 1920 1080 1630.7471730352158 960 540 0.13569844645570758
254 SIMPLE_RADIAL 1920 1080 1618.2658179381974 960 540 0.13322333196141181
255 SIMPLE_RADIAL 1920 1080 1620.4593111446211 960 540 0.14286319057290936
256 SIMPLE_RADIAL 1920 1080 1618.6635891093997 960 540 0.13278217709034426
257 SIMPLE_RADIAL 1920 1080 1616.2571247290784 960 540 0.13484966738343848
258 SIMPLE_RADIAL 1920 1080 1616.0732919020152 960 540 0.14933369909387506
259 SIMPLE_RADIAL 1920 1080 1614.7301529729134 960 540 0.14681237690219637
260 SIMPLE_RADIAL 1920 1080 1615.6320045998104 960 540 0.13244831987669936
261 SIMPLE_RADIAL 1920 1080 1619.1759323299905 960 540 0.12218439093900783
262 SIMPLE_RADIAL 1920 1080 1621.6680178846048 960 540 0.083001384034246908
263 SIMPLE_RADIAL 1920 1080 1636.5080676413804 960 540 0.070126830115677843
264 SIMPLE_RADIAL 1920 1080 1634.1571803766253 960 540 0.046082711289818848
265 SIMPLE_RADIAL 1920 1080 1652.9250999248898 960 540 0.06469419033626328
266 SIMPLE_RADIAL 1920 1080 1610.4945250227179 960 540 0.1398118676320029
267 SIMPLE_RADIAL 1920 1080 1623.5719339521904 960 540 0.20909701125972535
268 SIMPLE_RADIAL 1920 1080 1644.6613465080136 960 540 0.1739345980253634
269 SIMPLE_RADIAL 1920 1080 1630.9459726949947 960 540 0.1642637723412439
270 SIMPLE_RADIAL 1920 1080 1639.0481973508072 960 540 0.18182046170060046
271 SIMPLE_RADIAL 1920 1080 1626.8597766519597 960 540 0.15424940509007634
272 SIMPLE_RADIAL 1920 1080 1620.1036024832965 960 540 0.2233275854474924
273 SIMPLE_RADIAL 1920 1080 1611.2705809206584 960 540 0.18709952305484334
274 SIMPLE_RADIAL 1920 1080 1618.5726545636271 960 540 0.1242139462981706
275 SIMPLE_RADIAL 1920 1080 1617.142735798953 960 540 0.14603111055163168
276 SIMPLE_RADIAL 1920 1080 1626.5595900256544 960 540 0.12146371870283434
277 SIMPLE_RADIAL 1920 1080 1606.3416670793194 960 540 0.15413777428549927
278 SIMPLE_RADIAL 1920 1080 1621.8001417122343 960 540 0.17307487399431554
279 SIMPLE_RADIAL 1920 1080 1620.0479172823862 960 540 0.17818351749304889
280 SIMPLE_RADIAL 1920 1080 1623.5018277156846 960 540 0.17220502230157458
281 SIMPLE_RADIAL 1920 1080 1620.6089767302954 960 540 0.10444525096048433
282 SIMPLE_RADIAL 1920 1080 1610.1775996895562 960 540 0.20219132015344823
283 SIMPLE_RADIAL 1920 1080 1615.4298429288626 960 540 0.173924832065562
284 SIMPLE_RADIAL 1920 1080 1618.5307341752527 960 540 0.17149759789442931
285 SIMPLE_RADIAL 1920 1080 1620.6933955225313 960 540 0.19107171844728343
286 SIMPLE_RADIAL 1920 1080 1619.7454955076439 960 540 0.19634718481741531
287 SIMPLE_RADIAL 1920 1080 1618.1971051963021 960 540 0.19399811160605132
288 SIMPLE_RADIAL 1920 1080 1621.4216353446873 960 540 0.1465333413362091
289 SIMPLE_RADIAL 1920 1080 1630.6681451015224 960 540 0.12691501312525338
290 SIMPLE_RADIAL 1920 1080 1618.9569374252899 960 540 0.10787274807896637
291 SIMPLE_RADIAL 1920 1080 1625.6175315533585 960 540 0.10777840634175838
292 SIMPLE_RADIAL 1920 1080 1630.9336656331607 960 540 0.11257310862752519
293 SIMPLE_RADIAL 1920 1080 1637.4912443792416 960 540 0.11809854264438331
294 SIMPLE_RADIAL 1920 1080 1649.681964564073 960 540 0.1331379956844273
295 SIMPLE_RADIAL 1920 1080 1654.1165254160037 960 540 0.11753641842706973
296 SIMPLE_RADIAL 1920 1080 1638.0949471006793 960 540 0.12673639830265451
297 SIMPLE_RADIAL 1920 1080 1639.6191393387285 960 540 0.13170317026540937
298 SIMPLE_RADIAL 1920 1080 1631.1056773499215 960 540 0.13677502364981561
299 SIMPLE_RADIAL 1920 1080 1632.4629972471512 960 540 0.13318713507406282
300 SIMPLE_RADIAL 1920 1080 1630.8701559263209 960 540 0.13842385057402323
301 SIMPLE_RADIAL 1920 1080 1630.8960409271388 960 540 0.14018047792962759
302 SIMPLE_RADIAL 1920 1080 1623.2008141793253 960 540 0.16102781047906406
303 SIMPLE_RADIAL 1920 1080 1640.6410056972854 960 540 0.13518829935822585
304 SIMPLE_RADIAL 1920 1080 1636.9249896900587 960 540 0.12943337761531828
305 SIMPLE_RADIAL 1920 1080 1613.0292062499207 960 540 0.14234553452769189
