# Frame list with one line of data per frame:
#   FRAME_ID, RIG_ID, RIG_FROM_WORLD[QW, QX, QY, QZ, TX, TY, TZ], NUM_DATA_IDS, DATA_IDS[] as (SENSOR_TYPE, SENSOR_ID, DATA_ID)
# Number of frames: 305
1 1 0.681889314741292 -0.45472321188980708 0.17433084136264265 0.54576782679090019 0.45385839791754473 -3.1857630627644031 3.3041814126692026 1 CAMERA 1 1
2 2 0.67581470464320059 -0.45232825102800722 0.17966473974971786 0.55352887874132972 0.41706342893764164 -3.1913460159895424 3.338084592095834 1 CAMERA 2 2
3 3 0.6671022462465398 -0.44963420214151267 0.18810665500258617 0.56340000324913431 0.32537707638583441 -3.1532805043326388 3.4347052802127616 1 CAMERA 3 3
4 4 0.65567512821074547 -0.44515891090580262 0.19956609658657917 0.57627861610524689 0.28798265282863972 -3.078135137879249 3.5250956010571777 1 CAMERA 4 4
5 5 0.64337212192043469 -0.44119593350614367 0.21013884893799928 0.58928781182055057 0.23830212977216317 -3.0276519215410249 3.5226278165325864 1 CAMERA 5 5
6 6 0.62906343254120423 -0.43690817329029696 0.22250238663116603 0.60322726554346728 0.29746886717480991 -2.9899965058962996 3.5691669210679771 1 CAMERA 6 6
7 7 0.61275242567761123 -0.43075964893717028 0.23700721162212929 0.61871493542085498 0.3565824653432183 -3.0158549482883101 3.6606580802322135 1 CAMERA 7 7
8 8 0.5937383356381718 -0.42335656392218263 0.25200197414744058 0.63619101974439207 0.27168339835719474 -3.0431287698052811 3.8712053502932968 1 CAMERA 8 8
9 9 0.57471677106847008 -0.41819150248536086 0.26124026675472783 0.65312328340642301 0.011471113767166278 -3.0081094921911573 3.7629849313847794 1 CAMERA 9 9
10 10 0.55356812714022452 -0.40850652841111734 0.27411402854449163 0.67197190731091649 -0.044320144722899371 -3.023296331230485 3.6065750404294157 1 CAMERA 10 10
11 11 0.52987897774313508 -0.39827397273034953 0.28521603204658758 0.69228457057417869 0.21971382922490063 -3.036981241549904 3.593735066419887 1 CAMERA 11 11
12 12 0.50357800363938898 -0.38840577406675525 0.29529286928978377 0.71298826797415049 0.5849290614385324 -3.0226623252954918 3.4051928139746734 1 CAMERA 12 12
13 13 0.47355637022226243 -0.37396493841636247 0.30774065196451061 0.73565636012041657 0.85746474644034809 -3.0237207302585407 3.1564604689931364 1 CAMERA 13 13
14 14 0.44135312555430489 -0.35377607261375738 0.32168815991932714 0.75931985143096903 0.79812030291023794 -2.969227261321477 2.901681919826109 1 CAMERA 14 14
15 15 0.40880497523269316 -0.33612240901032181 0.33333306350377317 0.7802495031470924 0.75483828872677494 -2.9577811091334447 2.7063724681993708 1 CAMERA 15 15
16 16 0.37585742475137329 -0.31801284100069593 0.34524349650405578 0.79900310220898751 0.80927148522401726 -3.0088714643091992 2.6071921861700051 1 CAMERA 16 16
17 17 0.34219520817992666 -0.29916780521986663 0.35502636253462971 0.81691942425434738 0.93417361635174712 -2.9309925813258766 2.4451749159376326 1 CAMERA 17 17
18 18 0.30774384158727025 -0.27842871760725979 0.3660458233135927 0.83293555117509532 1.0673320088888605 -2.792446324932107 2.2217239625441638 1 CAMERA 18 18
19 19 0.27431771523973481 -0.25512793718884191 0.37660945395143025 0.84724544611689934 0.93174888933137745 -2.8665373371294756 2.1636668826580658 1 CAMERA 19 19
20 20 0.24604044377690998 -0.23670693083784669 0.38255768673105345 0.85853569829237331 0.59683984390016065 -2.8506470406255811 2.2582398301117235 1 CAMERA 20 20
21 21 0.21955765233360086 -0.21899008613083462 0.38814751414479587 0.86785902469317144 0.63279378844946266 -2.7923303238654986 2.3662100323909154 1 CAMERA 21 21
22 22 0.19461007829631544 -0.20161627972196181 0.39336819667921796 0.87563648565938468 0.86619685387395329 -2.767746999127104 2.4632220197892409 1 CAMERA 22 22
23 23 0.16914246750693207 -0.18507834070729817 0.39918244855502627 0.88192414994279034 0.93094752387211821 -2.9354739540616541 2.6009982620410863 1 CAMERA 23 23
24 24 0.1462924337756398 -0.16451234108853222 0.40289031149957566 0.88837695284678875 0.72414439939222408 -2.8504800936738137 2.7288134512532576 1 CAMERA 24 24
25 25 0.12709291448592194 -0.14768695513869987 0.40396807792311729 0.89378171070370216 0.56574713689424183 -2.737237255264374 2.8352765896319934 1 CAMERA 25 25
26 26 0.10753774527629495 -0.1349142385348516 0.4089912121310571 0.89608033678963217 0.37199840151988051 -2.703323693169617 2.995608827901771 1 CAMERA 26 26
27 27 0.089125217381570115 -0.1196282422309585 0.4125771477345348 0.8986244357097436 0.47730739408576889 -2.7674627671373435 3.0668784271641458 1 CAMERA 27 27
28 28 0.070575013151987304 -0.10506418818532129 0.41501427309849448 0.90096827746823838 0.57849506292703556 -2.8430240620726397 3.0346647336823365 1 CAMERA 28 28
29 29 0.049579723183439728 -0.08953997641398484 0.42033517188745179 0.9015779428020535 0.63164466302205557 -2.9109213047477906 2.9777339999281809 1 CAMERA 29 29
30 30 0.027028341922814291 -0.069707902711141773 0.4256643778742577 0.90178717802009067 0.46480161637133516 -2.9755636897271338 3.1738081407587546 1 CAMERA 30 30
31 31 0.0068936478700912691 -0.053322146762491376 0.42991820037691897 0.90126553649207852 0.14405162556677834 -2.857984222284137 3.387880088227007 1 CAMERA 31 31
32 32 -0.013318482115018652 -0.040304898679072845 0.4357741026257026 0.89905453931192925 -0.0063659976188600691 -2.8263198149497959 3.4459772847532437 1 CAMERA 32 32
33 33 -0.030156197140750206 -0.027436419364069362 0.43845236779092334 0.89782925316845186 -0.016721908749084885 -2.860966366896661 3.5187979394294655 1 CAMERA 33 33
34 34 -0.047511846558411418 -0.0070986568198126709 0.44065290190698075 0.89639123910763507 -0.1314491981549808 -2.9282071854452547 3.8059314887106543 1 CAMERA 34 34
35 35 -0.051914876938586089 -0.0058768335772258389 0.43842668968296916 0.89724709314279227 -0.56482906898612661 -2.9837977969498364 3.8580755822387847 1 CAMERA 35 35
36 36 -0.048600647762674642 -0.014973438632560999 0.43415263566336093 0.89940272521219455 -0.89839112307770042 -3.0991371992480787 3.4322271383302767 1 CAMERA 36 36
37 37 -0.047837825622990195 -0.015319973620480612 0.43019051571239092 0.90133953704419245 -0.5701476460028716 -3.1213685004181251 3.069071653783451 1 CAMERA 37 37
38 38 -0.047949143999549644 -0.015744496051313936 0.42569855544553964 0.9034565458976882 -0.31176195763245329 -3.0923898513897563 2.7887644334825508 1 CAMERA 38 38
39 39 -0.049001372776013713 -0.015270677428746654 0.42224260229122862 0.90502864964997898 -0.45975799346988072 -3.1036662438320963 2.5606026958165402 1 CAMERA 39 39
40 40 -0.056404457752928433 -0.00099417152439010541 0.41976507848704075 0.90587793198164779 -0.50880495444117324 -3.091654286270328 2.423466294784268 1 CAMERA 40 40
41 41 -0.06200201571915518 0.0026080512318804221 0.41934256450876312 0.90570456646013842 -0.52175478209332737 -3.0717698918236231 2.2449422900894818 1 CAMERA 41 41
42 42 -0.069373818908942314 0.0078480664677585237 0.42053437836894247 0.90458637935387576 -0.41017493159925456 -2.9963040328043573 2.1965761391197884 1 CAMERA 42 42
43 43 -0.07767341708026583 0.013796179614670705 0.42237517373305672 0.90298157141831259 -0.38267771316367372 -2.9231975613041068 2.2097013080806471 1 CAMERA 43 43
44 44 -0.085343065218800654 0.019339575735065843 0.42361813755702377 0.90160424553246532 -0.34127845634094978 -2.8905332779691104 2.2255390395022401 1 CAMERA 44 44
45 45 -0.093570895041742444 0.024535136078067395 0.42445433882156552 0.90026719864397242 -0.23801051463457235 -2.9897759787909948 2.2599440348959736 1 CAMERA 45 45
46 46 -0.1039749676872455 0.031943592867899648 0.42501925387136608 0.89862530946315622 -0.21837786934901385 -2.9722092831365181 2.3295659276199778 1 CAMERA 46 46
47 47 -0.11655961371730884 0.044733639940630156 0.42488951041290368 0.89659448015745502 -0.10988709334074183 -2.9776420611157115 2.3723612095575843 1 CAMERA 47 47
48 48 -0.13241046485789185 0.055576915883806914 0.42472080243604871 0.89386291745157453 -0.029585845099909209 -3.0779244264226477 2.1715951971252161 1 CAMERA 48 48
49 49 -0.15168784899929533 0.073947607783873312 0.42648168356637944 0.88861460788769164 -0.10749401296440826 -2.9660155632598313 2.1151631715262829 1 CAMERA 49 49
50 50 -0.17019326170156515 0.094853640461621522 0.42386253111344097 0.88452111070379069 -0.33498012953735518 -3.0645935624438896 2.0324835708683291 1 CAMERA 50 50
51 51 -0.18920993979681877 0.11146567541601805 0.42170578034191752 0.87973816372392855 -0.51915898438230701 -3.0287263623306924 2.088154021159998 1 CAMERA 51 51
52 52 -0.20836353267825847 0.12875074917299564 0.4187141593450025 0.87446345584091545 -0.54070356377707873 -3.0948593838756238 2.0433863350377619 1 CAMERA 52 52
53 53 -0.22695389916786582 0.1474989915219177 0.41615307399651436 0.86807407181401941 -0.31435381188874706 -3.0025664969444326 1.9645732916945708 1 CAMERA 53 53
54 54 -0.24659677738739191 0.16655309030517812 0.41326054563145004 0.86061943907649696 -0.26344876761657204 -3.0207837333972214 1.9399036402236298 1 CAMERA 54 54
55 55 -0.26484132868899329 0.18813126172670969 0.40738341561770403 0.85352472234787558 -0.30488753845903238 -3.0626521241593876 1.9477846168218982 1 CAMERA 55 55
56 56 -0.28099022947470609 0.20191533003075848 0.40414782468032834 0.84672263832053096 -0.39722517041894756 -3.0211163183165737 2.0469818241711786 1 CAMERA 56 56
57 57 -0.29655460272872003 0.2196805263002615 0.40073038515386816 0.83857676594291819 -0.49184019772095788 -3.0028497750593037 2.1876741903785129 1 CAMERA 57 57
58 58 -0.31118344922555141 0.23345791759843812 0.39680293213051115 0.83139021806328628 -0.39212805603988771 -3.0081481851413399 2.2096589892713308 1 CAMERA 58 58
59 59 -0.32700729133808404 0.2460096173256017 0.39188663417209196 0.82399658103192963 -0.17340644754399878 -3.1030396632982442 2.253831419669114 1 CAMERA 59 59
60 60 -0.34130049439240184 0.25809799862132154 0.3884363141338657 0.81609841655113335 -0.14989533116375534 -3.0603672287881398 2.3687930625327289 1 CAMERA 60 60
61 61 -0.35627204891074804 0.27553024685010458 0.38299519440496593 0.80651595848957669 -0.13409202935057785 -3.1208466658609195 2.4832230298735043 1 CAMERA 61 61
62 62 -0.36792009325666397 0.28176263667479845 0.37931664073169419 0.8008517388481442 -0.29469689922120368 -3.1365932298174815 2.4833971896735871 1 CAMERA 62 62
63 63 -0.37831142877706359 0.28780505766048359 0.376185947664677 0.7953193348720573 -0.4490503210184148 -3.1169704030327829 2.3654355938720548 1 CAMERA 63 63
64 64 -0.3868110819390036 0.2916552512644689 0.3738095543715152 0.79093667152282576 -0.41916193771898563 -3.1108411067670065 2.2843569801336936 1 CAMERA 64 64
65 65 -0.39615812988379284 0.29420327829161025 0.3706139937892497 0.78685985713913975 -0.39131053764795798 -3.0869784610761473 2.1921465265611162 1 CAMERA 65 65
66 66 -0.40528327002591158 0.29575284686550773 0.36730512510185809 0.78317473764285839 -0.57475687105917939 -3.138934465602643 2.0339000850413522 1 CAMERA 66 66
67 67 -0.41533295549225424 0.29751404188559161 0.36093028437043678 0.78020078235492885 -0.60922623226607753 -3.1502040211558846 2.0107709552445918 1 CAMERA 67 67
68 68 -0.42661093432980124 0.29966271556366014 0.35558719154164126 0.77573392140784658 -0.59401132677058999 -2.9834162519391825 2.1273375006628421 1 CAMERA 68 68
69 69 -0.43809411194261166 0.30261164561826304 0.34940198515594023 0.77098508013223555 -0.68699792980897501 -2.9609546262121831 2.2040068259464549 1 CAMERA 69 69
70 70 -0.4512213618449239 0.30832013866768004 0.34157757269850364 0.76463241922910474 -0.7401811923494922 -3.0198825209158864 2.1389311427882021 1 CAMERA 70 70
71 71 -0.46139453747986237 0.31431645258807961 0.33597857512787732 0.75857672352322469 -0.68414215591123317 -2.9050600669865703 1.9875308839327086 1 CAMERA 71 71
72 72 -0.47221984489955876 0.32081186573281989 0.3304928854798847 0.75157342790657777 -0.58469849100554461 -2.9089432799791637 1.9079000947136948 1 CAMERA 72 72
73 73 -0.48338287046990824 0.32841033464445341 0.32410469825203553 0.74393803317611551 -0.70253364867803025 -3.0316805707636179 1.9272365307120349 1 CAMERA 73 73
74 74 -0.49472709639359519 0.34118488873870284 0.31527823060999499 0.73446416460828923 -0.74871860533560575 -2.9941114904849706 2.066102253698638 1 CAMERA 74 74
75 75 0.50306264472778384 -0.3501651534489818 -0.31106367502501847 -0.7263275644428403 -0.89631498356593664 -3.045489460054803 2.0771103638724471 1 CAMERA 75 75
76 76 0.50983437381799368 -0.3602725249186064 -0.30682931745431957 -0.7184207604272741 -0.97879394079622239 -3.0480785102003041 2.0219109747701434 1 CAMERA 76 76
77 77 0.51583533559284778 -0.37031482939226695 -0.30195885042643528 -0.71105673918129497 -1.0001070206172125 -3.0646502206181907 2.0121406773364909 1 CAMERA 77 77
78 78 0.51991861380803772 -0.3797397264200949 -0.29781762406489942 -0.70483121241234648 -1.0878717147187944 -3.0620435320994095 2.0568747950237674 1 CAMERA 78 78
79 79 0.52351082086891765 -0.38850744003893739 -0.29337630585098451 -0.69923439033901447 -1.1184778728074478 -3.0319875661139397 2.1277611625612773 1 CAMERA 79 79
80 80 0.52696828787534977 -0.39778130282978502 -0.28835422401430599 -0.69348850039915511 -1.1020123194660241 -3.0666655422388769 2.1792188624980233 1 CAMERA 80 80
81 81 0.53313171798109227 -0.40763863511653581 -0.28025525584637517 -0.68633687502081653 -0.99158580939464902 -3.1118388755268578 2.1042419439772795 1 CAMERA 81 81
82 82 0.54041771907136671 -0.41650508617953619 -0.27309711785472196 -0.67815202301528421 -0.92731152842860898 -3.1736129290119082 2.13153968419426 1 CAMERA 82 82
83 83 0.54907602217719953 -0.42418988631637666 -0.2657446023882965 -0.6692968463383413 -0.97448283621605525 -3.1694607187046788 2.1308384746164295 1 CAMERA 83 83
84 84 0.55232986711429566 -0.4268082621199088 -0.26164618468395773 -0.66656409993339438 -0.95059517084877998 -3.0811396808306659 1.9667494104946299 1 CAMERA 84 84
85 85 0.55740845042267662 -0.42721026843671023 -0.25928543514533742 -0.66299190723651957 -0.94936859006800256 -3.0687296612982982 1.8347277564590858 1 CAMERA 85 85
86 86 0.56821523161362952 -0.43148655071936454 -0.25335345373380358 -0.65327087382779303 -0.87096782589262778 -3.0427561998368278 1.8062452138979552 1 CAMERA 86 86
87 87 0.58106560911141625 -0.43245970478910783 -0.2485689335132743 -0.64308230183528614 -0.8389711917852315 -3.0024561511648287 1.7312362155069658 1 CAMERA 87 87
88 88 0.59191148544080829 -0.43383952150836913 -0.24276594081330713 -0.63442001935758219 -0.86546412642774528 -3.0713444251114286 1.6725256414111451 1 CAMERA 88 88
89 89 0.60214898394148186 -0.43447814113719696 -0.23791288242900291 -0.6261332177632255 -0.83880475947498134 -3.1141460493973345 1.5544020260837483 1 CAMERA 89 89
90 90 0.60885258681612109 -0.43671412943851667 -0.2355500106685523 -0.61894708105792162 -0.86083355416056284 -2.8583237127131595 1.4844011037799343 1 CAMERA 90 90
91 91 0.61639763784702284 -0.43713833317300443 -0.2317299625194254 -0.61258897655612732 -0.85491428157028593 -2.6487430060949135 1.6310191347093601 1 CAMERA 91 91
92 92 0.62486622948000625 -0.4357193559139364 -0.23254910326972053 -0.60465837685906054 -0.70006435296928393 -2.7952199282732728 1.754187659782342 1 CAMERA 92 92
93 93 0.63106146876156033 -0.43424847628009328 -0.23120572105145637 -0.59977795728585737 -0.6835573110641846 -2.7796215432082962 1.8935782907553698 1 CAMERA 93 93
94 94 0.63767791229063886 -0.43209348900144967 -0.2300498814636753 -0.59475974054886693 -0.61376502528524535 -2.7694781276902489 1.9452374946601318 1 CAMERA 94 94
95 95 0.64729027055261656 -0.42714122902984081 -0.22822359972030984 -0.58862523275977685 -0.61813440998966174 -2.8203056538004008 2.1132425213520509 1 CAMERA 95 95
96 96 0.65755865825986415 -0.42401719889682549 -0.22591621833038725 -0.58033429011430471 -0.51457631920444347 -2.8937222349348639 2.1353065190762952 1 CAMERA 96 96
97 97 0.66925807870346821 -0.42233311416655145 -0.22350115576694454 -0.56901282774588224 -0.41189822818212546 -2.9592604740444748 2.0173548767214622 1 CAMERA 97 97
98 98 0.68250404625138272 -0.42450246728244451 -0.21841382002443141 -0.55342685636309974 -0.29991971790225852 -3.1213051194988006 1.9001376817230866 1 CAMERA 98 98
99 99 0.69413228033553676 -0.42804510956800035 -0.21572835907310131 -0.53704658705063335 -0.43107205770369361 -3.0204369141291916 1.8033962017040772 1 CAMERA 99 99
100 100 0.70594402474980589 -0.43331346896095274 -0.21075359628146539 -0.51910056173298469 -0.48312342594291424 -2.9550907102406212 1.6544664667664861 1 CAMERA 100 100
101 101 0.71825049036011557 -0.44158897889096738 -0.20108409359043911 -0.49867884868359702 -0.51525532003510588 -2.9190992744957951 1.6422925040289162 1 CAMERA 101 101
102 102 0.73029930332110526 -0.4494892139580991 -0.18845353676284571 -0.47865189708765743 -0.45579106138183362 -2.8949557816867553 1.7045293224072768 1 CAMERA 102 102
103 103 0.74304025759696546 -0.45804358614023605 -0.17123053712997324 -0.45691066078633841 -0.38147701917376764 -2.9924448676512658 1.7275441078807869 1 CAMERA 103 103
104 104 0.75595669511734154 -0.46476310778606822 -0.15075285999754273 -0.43565847168494676 -0.23113374343901488 -3.0691814308199312 1.7771466237616649 1 CAMERA 104 104
105 105 0.76766159855893079 -0.46808288563674477 -0.13632040884261942 -0.41594570367405687 -0.17642855375795544 -3.0131628232924652 1.8296287583894955 1 CAMERA 105 105
106 106 0.77745812127758063 -0.47197495945256163 -0.12297630553184026 -0.39708353729036278 -0.34060467055218679 -2.8365787209962634 2.0107796918316603 1 CAMERA 106 106
107 107 0.7889335919675855 -0.47377798943191701 -0.10649409236678559 -0.3765331492524242 -0.40045457581687816 -2.9729412594508418 2.1856633631426097 1 CAMERA 107 107
108 108 0.79638109485946273 -0.48127323817527512 -0.092316177037748429 -0.35444455902702671 -0.34327444666872453 -3.1139799342387171 2.2819351394532235 1 CAMERA 108 108
109 109 0.8027588569891041 -0.48756749297899721 -0.08144291437043634 -0.33350143779985775 -0.31088437434239724 -3.1144742164915669 2.4742972347063814 1 CAMERA 109 109
110 110 0.80889538346098178 -0.49271565302635634 -0.070278454645484059 -0.31301834241936233 -0.34810894393426706 -3.1609839544086573 2.6186691056973075 1 CAMERA 110 110
111 111 0.81431195283506475 -0.49823695665852463 -0.058267850447543693 -0.2919945823021679 -0.35157778442423587 -3.2072656545039342 2.765555929443174 1 CAMERA 111 111
112 112 0.8186244829142203 -0.50264416021412961 -0.048466081664740007 -0.27359430385906208 -0.39345802275669339 -3.1984520730519779 2.8935406379641222 1 CAMERA 112 112
113 113 0.82208675773458539 -0.50690133308882679 -0.039221837995416918 -0.25629289630122143 -0.45148635368138529 -3.1704114984868732 3.1042291160877156 1 CAMERA 113 113
114 114 0.82499728865933875 -0.50926016496890536 -0.032276455002189813 -0.24288225240448291 -0.48047887697216651 -3.0969776510170721 3.1566581189687337 1 CAMERA 114 114
115 115 0.82752059877129158 -0.51109650592522882 -0.026426494115380311 -0.23084986603633861 -0.4251544548483846 -3.1709902795918445 3.219725638405261 1 CAMERA 115 115
116 116 0.82982026714728463 -0.51214408909268438 -0.020827356930068059 -0.22061953096301681 -0.33053906444793835 -3.2320310924732585 3.2110140853018461 1 CAMERA 116 116
117 117 0.83092623254143683 -0.51456710162423314 -0.017600955853635702 -0.21088504061115523 -0.28694491685836421 -3.2505135541693795 3.348494567459229 1 CAMERA 117 117
118 118 0.83241343439246351 -0.51596606897544151 -0.015091232853966696 -0.2015915290877105 -0.29484475308674052 -3.2456078863039219 3.4494839020227506 1 CAMERA 118 118
119 119 0.83389084450424245 -0.51819024185433216 -0.010881252544025413 -0.18970116246882482 -0.29226160773254711 -3.2838926268295237 3.4549362970908226 1 CAMERA 119 119
120 120 0.83506203072701568 -0.52162930200060365 -0.006661903377381621 -0.17472806064232002 -0.30048525511617091 -3.3058452566455427 3.4976931703881049 1 CAMERA 120 120
121 121 0.83712025821790459 -0.52468287797063706 0.00030481696825330134 -0.1547173485173986 -0.29182382943844115 -3.3858914460155454 3.5823492504542793 1 CAMERA 121 121
122 122 0.8398128289032788 -0.52725409988900918 0.010620839895078319 -0.12885931987879695 -0.20166250790438423 -3.4402064952954721 3.6033238476592233 1 CAMERA 122 122
123 123 0.8423263093852571 -0.52964427993686347 0.024216770992449684 -0.096834256594825835 -0.11698725519289901 -3.4562182059918265 3.7318769314932245 1 CAMERA 123 123
124 124 0.84452684408520062 -0.53054793641247489 0.037998287478506532 -0.062043750182082497 -0.14405627746091251 -3.4681739808696794 3.7266807019880339 1 CAMERA 124 124
125 125 0.845706791875381 -0.53054747261041535 0.050843153211513822 -0.026727799274576317 -0.22797873620921338 -3.4371231145085916 3.6567500888389217 1 CAMERA 125 125
126 126 0.84475957764685305 -0.53131326360630104 0.063401411747772293 0.008229998682929663 -0.31691364053225696 -3.3836530127451083 3.647961785715629 1 CAMERA 126 126
127 127 0.84298684303988813 -0.53103875197822326 0.075365717630742804 0.041122195528172319 -0.22846921699915834 -3.4284590753888802 3.6881332156202444 1 CAMERA 127 127
128 128 0.83992093024620762 -0.53125118329743914 0.084199697523823627 0.072217879478095437 -0.025208049757652791 -3.5255845811992437 3.8379829033122785 1 CAMERA 128 128
129 129 0.83517581316292711 -0.53292984405959276 0.089804605008313734 0.10199154542197375 0.17820676270460573 -3.4692483815807709 3.9211683517675087 1 CAMERA 129 129
130 130 0.82857304266667975 -0.53529786284475733 0.095552306475565271 0.13338915895647355 0.37808301361199059 -3.3973127428510765 4.1264247140218755 1 CAMERA 130 130
131 131 0.82114880635643184 -0.53591384273120901 0.10398479534531388 0.16642762188251556 0.2973124873846979 -3.4022511691424691 4.078716826014996 1 CAMERA 131 131
132 132 0.81380118953236191 -0.53425611563307329 0.11220688374499996 0.19926776474033434 0.19315093854877111 -3.3294662971493851 3.877205316193526 1 CAMERA 132 132
133 133 0.80626061979849184 -0.53376114803130237 0.11676600945350163 0.22673453387334433 0.13627073729412856 -3.284541592786697 3.8830240608166324 1 CAMERA 133 133
134 134 0.79838115106617902 -0.53203480390731372 0.12429876961112084 0.25313301034576813 0.34839047040208299 -3.3443365340977853 4.0110715044510608 1 CAMERA 134 134
135 135 0.78838182974848525 -0.53348643492179582 0.13128558392918677 0.27678585536337524 0.69366696132689831 -3.5154095767209186 4.0353642713356601 1 CAMERA 135 135
136 136 0.77882237224752149 -0.53347534086754234 0.13892239420353342 0.29923292192163747 0.9771066755346669 -3.5729732253824493 4.077506443331667 1 CAMERA 136 136
137 137 0.76727255433912545 -0.53520078759684997 0.14799873810580191 0.32085716110555423 1.0464651177362208 -3.3781173565152405 4.2411895742782555 1 CAMERA 137 137
138 138 0.75505791150133583 -0.53337059405032161 0.15988334137469914 0.34618012194883369 0.77648979603256085 -3.3701022325815644 4.1915366593824519 1 CAMERA 138 138
139 139 0.74359253504465928 -0.53094080429418811 0.16771823615660253 0.37019264906507243 0.64617346076385118 -3.355718203202676 4.3631815720092115 1 CAMERA 139 139
140 140 0.73108968143955499 -0.52679203715898337 0.17696469846279561 0.39583016910850827 0.76412099171072045 -3.3250609862982858 4.5206215762182929 1 CAMERA 140 140
141 141 0.71767023080778602 -0.52103913353450448 0.18678659544525358 0.4225854101834125 0.97991091242703476 -3.3807994052307895 4.6715398121466158 1 CAMERA 141 141
142 142 0.70338913738895803 -0.51396029276280264 0.19644977555761944 0.44999558281137902 1.1949662803353722 -3.4359985147479351 4.8499493611390383 1 CAMERA 142 142
143 143 0.68638478863666219 -0.50380836929056583 0.2113020355705475 0.48000468614871744 1.0839054733227567 -3.3210038098798726 4.8608653061129976 1 CAMERA 143 143
144 144 0.6703721471665347 -0.49761540320886721 0.21807657316224163 0.50539361198022681 0.91021067349288609 -3.2026593119941569 5.0721916186630045 1 CAMERA 144 144
145 145 0.65125749560570945 -0.48955844150100986 0.22730008782030511 0.53341435755832767 1.1208013434024264 -3.2505244535277913 5.2612553232866386 1 CAMERA 145 145
146 146 0.63079275313939431 -0.47868488171961138 0.23544443817750288 0.56349552183773821 1.2583940143306835 -3.2368716604996415 5.5098569099375121 1 CAMERA 146 146
147 147 0.60898268263379063 -0.46318667342739545 0.24557263326624124 0.59522456233097387 1.2773008431096298 -3.2419321594008847 5.5736925482285953 1 CAMERA 147 147
148 148 0.58981152568913142 -0.44719279580706001 0.24910476482729693 0.62457007908069162 1.1928880289472699 -3.0863617617905263 5.7182703745604559 1 CAMERA 148 148
149 149 0.57018789313575247 -0.42703945086057749 0.24995394813774072 0.6557790006857982 1.6385629537556767 -2.9260913734585738 5.665064702976796 1 CAMERA 149 149
150 150 0.55041533285507449 -0.4053620442736609 0.24577070748132865 0.68725638139230349 1.8622651486070028 -2.6906498326914452 5.4021140822042648 1 CAMERA 150 150
151 151 0.53146668546545661 -0.37767644271536349 0.24264256207145593 0.71835106593477671 1.6440136979676461 -2.806057692100314 4.7642800566676557 1 CAMERA 151 151
152 152 0.51545660801017112 -0.35304865280628595 0.23088089517658344 0.74589218138600633 1.1923164471866547 -2.5559410187605032 4.6501072229535838 1 CAMERA 152 152
153 153 0.4997625947281143 -0.32856883256624742 0.21882607951428171 0.77097017977421478 1.2012983466429008 -2.4924401747313643 4.3028954062778748 1 CAMERA 153 153
154 154 0.4836089346926753 -0.3063465745574464 0.20553023734426457 0.79374523373658434 1.3346203356585358 -2.5533684779158423 3.8136894812025157 1 CAMERA 154 154
155 155 0.46502581986355185 -0.28783089895908931 0.19570487566076677 0.81400489071456916 1.2040799372454776 -2.4676045347338791 3.6257137435915703 1 CAMERA 155 155
156 156 0.44542809788422055 -0.26924114191969672 0.18927123271600413 0.83263402379387974 0.9237813352672638 -2.4035784571993846 3.4503585112796356 1 CAMERA 156 156
157 157 0.42418583050869457 -0.25267279151778615 0.18431014831102227 0.84985446451249957 0.7671622812001645 -2.3163513299697982 3.319053469963567 1 CAMERA 157 157
158 158 0.4009368355790654 -0.2389299486824209 0.18141129724678573 0.86559348121950386 0.63355524340206004 -2.1734245717381162 3.147224481250531 1 CAMERA 158 158
159 159 0.37532507307784574 -0.2267104411906159 0.18014494185873448 0.88050057654551206 0.65502709639590251 -2.1309134454397523 2.9425602626306109 1 CAMERA 159 159
160 160 0.34756193627347426 -0.21578880951485266 0.17840442310851146 0.89487862414816632 0.72936509955616302 -2.0082394977368834 2.7770671959561573 1 CAMERA 160 160
161 161 0.31862508265470024 -0.20568660831518229 0.1764300158189939 0.90831906584701383 0.57961967956587068 -2.0027642660577065 2.7909121013853699 1 CAMERA 161 161
162 162 0.28801208339033846 -0.19014659702930289 0.17356109585172894 0.92237186506640567 0.26819520945235242 -1.9823284485123489 2.699803157502588 1 CAMERA 162 162
163 163 0.25805913655036822 -0.18022816093979499 0.16983641125126325 0.93385163996238174 0.14338323471464648 -1.7883082823078309 2.5777436150800983 1 CAMERA 163 163
164 164 0.22860260777241798 -0.16868309310923665 0.16766978560158174 0.94401997055945286 0.051290193062709807 -1.6978173372877927 2.4749585326464354 1 CAMERA 164 164
165 165 0.2000099832501768 -0.15850964238811624 0.16726308364792494 0.95230969790233833 0.017140867449812643 -1.6453654612761761 2.3830953955411709 1 CAMERA 165 165
166 166 0.17147883074602943 -0.14178367350521326 0.16598070911605703 0.96069912289679571 0.16183359688103122 -1.6754332478461755 2.2943544530606679 1 CAMERA 166 166
167 167 0.14394859309185548 -0.13631013199440262 0.16692703483157095 0.96583317167349536 0.19439031637398127 -1.7340688423676185 2.4288496291941404 1 CAMERA 167 167
168 168 0.11558572789318836 -0.1289429599346176 0.16653085552116817 0.97071165994340936 0.27960133290809042 -1.7470348696389781 2.3528896784210818 1 CAMERA 168 168
169 169 0.087466853269559067 -0.11728072827262633 0.16328976216746358 0.97566963359851322 0.22622969814256855 -1.6588553632226122 2.4467246834535534 1 CAMERA 169 169
170 170 0.060724825273049864 -0.10713543127586386 0.16341764134353967 0.9788407273191112 0.11924643497870567 -1.6131670628691492 2.3431961298915418 1 CAMERA 170 170
171 171 0.037949434580221784 -0.09907790403591811 0.16590577038181431 0.98041760729849592 0.12550695623711305 -1.5859833696049417 2.3017193007621781 1 CAMERA 171 171
172 172 0.019277419652554268 -0.088136297536531696 0.16923171503810244 0.98143823074779091 0.10632408764371795 -1.5449533611264197 2.3110620405262967 1 CAMERA 172 172
173 173 0.00047037109364322753 -0.078943795492145419 0.18198209908901486 0.98012763021735327 0.25424667567928111 -1.5976671598339554 2.7022024590827587 1 CAMERA 173 173
174 174 -0.018080966104895017 -0.078584333189880146 0.19462935540933321 0.97755664554784905 0.39012878801623435 -1.4796682697038475 3.0045882596843936 1 CAMERA 174 174
175 175 -0.040685339394100586 -0.070901101175862624 0.2006903858819428 0.97623824245160262 0.64124314048628439 -1.5057959789949387 3.0525584135084269 1 CAMERA 175 175
176 176 -0.070253179571834967 -0.054982361262315586 0.20544474129499496 0.97459421760253662 0.50946078189021027 -1.5210410978653086 3.2095598914514487 1 CAMERA 176 176
177 177 -0.10338585180994968 -0.041525168235533046 0.20599017808132444 0.97219086221922812 0.26265186702528881 -1.8333053019355192 3.1262907345819437 1 CAMERA 177 177
178 178 -0.14042606762697829 -0.030156540358883453 0.20505888213589307 0.96815389141478148 0.19988584416221805 -1.9060570438444717 2.9666870773261285 1 CAMERA 178 178
179 179 -0.17789442727034815 -0.016591836945331014 0.20120175688080022 0.96311792461827539 0.14574562101685001 -1.9066165781335209 2.5159777738223443 1 CAMERA 179 179
180 180 -0.21418959756659353 0.0028749413068599747 0.19049005745248779 0.95803344879940955 0.2939477588485428 -1.9578646055474442 2.4146826201383575 1 CAMERA 180 180
181 181 -0.24650036340557299 0.018809341616030616 0.18599991079579592 0.9509404885127396 0.31565660069191137 -1.9811917135961203 2.347852640855304 1 CAMERA 181 181
182 182 -0.27465681376317058 0.040578011656644972 0.1824766570908927 0.94319633652829105 0.43141674910694389 -1.91587503175795 2.5474028172065153 1 CAMERA 182 182
183 183 -0.29900599271508171 0.055401152603125864 0.1787723094937477 0.93571715275984202 0.30656466716942571 -1.7721246510864874 2.3391300861218629 1 CAMERA 183 183
184 184 -0.31954274936208515 0.07004790733168377 0.17765360947160555 0.92812979536823503 0.11599746891427634 -1.7636237918483166 2.3636784591711533 1 CAMERA 184 184
185 185 -0.33727335481263621 0.085406068718998362 0.17522278391733878 0.92100459475273688 -0.025397316302463724 -1.8149591190032763 2.4057685078110627 1 CAMERA 185 185
186 186 -0.35330233088439505 0.096301743108273732 0.17269336064891821 0.91437434372019888 -0.048088668088143521 -1.7587434469003669 2.2919311875146922 1 CAMERA 186 186
187 187 -0.36740842499774706 0.10448368094119491 0.1712371134288109 0.90816962107429144 -0.11641505640525412 -1.7030108657736454 2.2478874673391047 1 CAMERA 187 187
188 188 -0.37918605850539422 0.11096541133074826 0.16956689185830556 0.90285750797612319 -0.17030520840215913 -1.7078946340886638 2.2907440808904069 1 CAMERA 188 188
189 189 -0.38781082119224664 0.11472883398308482 0.1692193666628459 0.89877965462359144 -0.085525419189106 -1.7490312495762155 2.3374036177804891 1 CAMERA 189 189
190 190 -0.39446270439959041 0.11527283872478476 0.1713123548232163 0.89541243266721271 0.023914972419497232 -1.7845387696669499 2.3135446598191813 1 CAMERA 190 190
191 191 -0.3968861272230777 0.11491435522142422 0.17519313308616616 0.89363496971714595 0.017900803693757593 -1.7567831725057597 2.4344882029270272 1 CAMERA 191 191
192 192 -0.39541000492744488 0.11482041077451724 0.17984398997957687 0.89337749050503579 -0.099440859408151755 -1.783389940606066 2.5068163970008199 1 CAMERA 192 192
193 193 -0.39322286457031708 0.11786698224431232 0.18299529698525849 0.89330614828120947 -0.095357429471354366 -1.8529337852259806 2.5912222965711154 1 CAMERA 193 193
194 194 -0.39086589930126658 0.12136463880395441 0.18345468936382686 0.89377785280337951 -0.097803827841710309 -1.8824303428557412 2.5610336262753406 1 CAMERA 194 194
195 195 -0.39063945044453208 0.1285655285621416 0.18161355880165039 0.89324590112764057 -0.087727913364786692 -1.8118950299071637 2.5265921417511716 1 CAMERA 195 195
196 196 -0.39289514993803559 0.13890113038832921 0.17689233639100105 0.89165519033881346 -0.13042211209017079 -1.7129344955863897 2.7542462270614587 1 CAMERA 196 196
197 197 -0.40152551889129529 0.16845061062610076 0.15953078916443886 0.88597493010092643 0.073113912998876165 -1.7338111531374596 2.7225658349900055 1 CAMERA 197 197
198 198 -0.40950241347650873 0.163768910918557 0.15497249153581966 0.8840085090318105 0.1214093754337177 -1.670461218533438 2.7433089160168493 1 CAMERA 198 198
199 199 -0.4235370873815209 0.18220207009147693 0.14312586530919402 0.87574752522987642 0.21374717621258962 -1.6869707209586555 2.8221351525104215 1 CAMERA 199 199
200 200 -0.43874202182258665 0.1868081949087057 0.13902589942936375 0.86791700979404496 0.044695143365381294 -1.73432499279717 2.8250164418746904 1 CAMERA 200 200
201 201 -0.45743123771691696 0.19013985934459685 0.13490991186563878 0.85813915673950691 -0.07077394582121195 -1.7802082515788633 2.8985943704583028 1 CAMERA 201 201
202 202 -0.47831324988415402 0.19366917262604472 0.13134324666680838 0.84643820690858695 -0.13925360017171498 -1.8157435264268389 2.9442731758313698 1 CAMERA 202 202
203 203 0.50016165970766069 -0.19728109402215341 -0.12848307804656783 -0.8333130160723401 -0.12450555467701829 -1.7826042196353964 2.9223922167060441 1 CAMERA 203 203
204 204 0.52448768024314274 -0.19780565870449127 -0.12576895561872617 -0.8185155859604778 -0.17053463709214864 -1.8224311095757837 2.9254144358248899 1 CAMERA 204 204
205 205 0.55050817690001885 -0.19718002369754245 -0.12094673753156943 -0.80214255098537435 -0.25794825661157261 -1.8752925104728551 2.8270826716089386 1 CAMERA 205 205
206 206 0.57667357745300518 -0.19795514711695153 -0.11657710505487455 -0.78400964494990988 -0.31165730331666969 -1.8683490093093429 2.7319925779324521 1 CAMERA 206 206
207 207 0.60357960507608577 -0.19766388906139817 -0.11283222909085605 -0.7641266487799705 -0.30258238722168235 -1.8743266621936374 2.6353406889789897 1 CAMERA 207 207
208 208 0.63110468247263152 -0.19728648280605052 -0.107549184064923 -0.74244063498040447 -0.28412474503262614 -1.9061325922063357 2.560157696741181 1 CAMERA 208 208
209 209 0.65938612082518788 -0.19621673743430201 -0.10373099019771839 -0.71829577284455026 -0.22444776053706625 -1.898891287615271 2.5507224767057828 1 CAMERA 209 209
210 210 0.68847517850109508 -0.19442029427040464 -0.099231694154154879 -0.69163266886331409 -0.15293563093681026 -1.8614851461251365 2.3793310179225022 1 CAMERA 210 210
211 211 0.71667380929751767 -0.19636041784063732 -0.09218511312436295 -0.6628145610128704 -0.081791439400351967 -1.8577335326012121 2.0559746117933293 1 CAMERA 211 211
212 212 0.74491651234665579 -0.1987419191572295 -0.085862307631970114 -0.63105364536710262 -0.20682837559297521 -1.7446444027136534 1.9654648552424321 1 CAMERA 212 212
213 213 0.77158170587145114 -0.20353777489332375 -0.076185462367004686 -0.59785434737894305 -0.45099701554523419 -1.7337988644469839 1.8684354161275596 1 CAMERA 213 213
214 214 0.79548025523056209 -0.2114706456622629 -0.065994772821682812 -0.56403547718358993 -0.5289331708849998 -1.8732314338047522 1.7852225324419397 1 CAMERA 214 214
215 215 0.81734954935125259 -0.21876532094217527 -0.056214629339795881 -0.5300201543116646 -0.57093431934680028 -1.8196805228185342 1.7194348531958707 1 CAMERA 215 215
216 216 0.83619107615930133 -0.23082606205641076 -0.043356624990972453 -0.49560469761340226 -0.56118398732954156 -1.6737620547077214 1.6901023322266535 1 CAMERA 216 216
217 217 0.85121675610409464 -0.24553832605761944 -0.032171868518500964 -0.46271582579426945 -0.55921773890749626 -1.6439591339565605 1.8407442346888867 1 CAMERA 217 217
218 218 0.8644609472347411 -0.25712019378640388 -0.023609448078254242 -0.4313224670877886 -0.57447178986299052 -1.654872356703053 1.8690949261579628 1 CAMERA 218 218
219 219 0.87642028007741624 -0.2676008656461582 -0.013969264003168405 -0.40010264812627744 -0.5630234033213094 -1.6647659982288869 1.9222191597069049 1 CAMERA 219 219
220 220 0.88725883687453 -0.27510788770690459 -0.0043679869162580745 -0.37022739930993881 -0.58108852772143593 -1.6619895158256044 2.0152444484359742 1 CAMERA 220 220
221 221 0.89587182411316402 -0.2848381815890384 0.0072553324178941574 -0.34092263817574242 -0.55611194193802849 -1.7456294215469408 2.0673728637770776 1 CAMERA 221 221
222 222 0.90339210903858014 -0.29104395035904118 0.016798262523585957 -0.31447406039675013 -0.40742351374966423 -1.8159472930233718 2.0787680284813668 1 CAMERA 222 222
223 223 0.90929883145034363 -0.29667229423714864 0.027409592397954943 -0.29053381765241082 -0.41616114538894672 -1.9224108455654396 1.9731094387158528 1 CAMERA 223 223
224 224 0.91456203196510411 -0.29802812164590475 0.039599171419576494 -0.2705317615714587 -0.44745018981006851 -1.9275675727630526 1.845682107819498 1 CAMERA 224 224
225 225 0.91702325405988483 -0.30417561105072133 0.048837289518803569 -0.25329916760186344 -0.53285125213398765 -1.8626817277252532 1.8072053370233401 1 CAMERA 225 225
226 226 0.9160992880087373 -0.31676448362599702 0.054484320042441421 -0.23969525504805661 -0.707857270168472 -1.8417113781103134 2.0074848496348499 1 CAMERA 226 226
227 227 0.91677389746993077 -0.32011187138101516 0.063196029209078408 -0.23034815521497562 -0.75845901052562381 -2.1375277805107364 2.1149993697653642 1 CAMERA 227 227
228 228 0.91926220249359702 -0.31571141910454859 0.073893515673126575 -0.22321077764095257 -0.81697970886156202 -2.231055441883135 2.2256713477342176 1 CAMERA 228 228
229 229 0.92178685736485833 -0.30947647524741911 0.083324839664207673 -0.21815194693787604 -0.87132709042103629 -2.2243298977887958 2.4242605626342622 1 CAMERA 229 229
230 230 0.92616624086788324 -0.29498308417861191 0.095520346151289862 -0.21465539312177975 -0.81128508328010795 -2.2980742140388193 2.1923910487642759 1 CAMERA 230 230
231 231 0.92974927037092203 -0.28141743761761007 0.10554511772982673 -0.21267521758040742 -0.81967578955052101 -2.0227432254974356 1.7628428861185919 1 CAMERA 231 231
232 232 0.93095562016921618 -0.27652695497036733 0.11094018263750952 -0.21106101564837271 -0.86144075218931238 -1.9672677265601224 1.644134587314201 1 CAMERA 232 232
233 233 0.93247837537176681 -0.26787321981505363 0.11970524502386638 -0.21070992355302734 -0.90281681039921147 -1.8357942187761962 1.6613946271150624 1 CAMERA 233 233
234 234 0.93436515878428028 -0.25141641675305387 0.13473401675208199 -0.21353753807452977 -1.0547665904146022 -1.919333207839379 1.4408161150944878 1 CAMERA 234 234
235 235 0.93012139565431218 -0.26214652699373198 0.1365438032759482 -0.21796600083072193 -1.2557934428373272 -2.3582876412644964 1.5598158417986494 1 CAMERA 235 235
236 236 0.92956254065313448 -0.25073959340504415 0.14979371385940776 -0.22495551249473472 -1.5936782095222397 -2.2956524514267302 1.5820921086705142 1 CAMERA 236 236
237 237 0.92753887821233683 -0.24166889165440156 0.16328368580348948 -0.23367972561084585 -1.816622511892128 -2.0336620376782144 1.6565160916816506 1 CAMERA 237 237
238 238 0.92591955248571134 -0.22835056687280406 0.17512643426266727 -0.24466248783982597 -1.8440224808620762 -1.6656125439896134 1.6171553645120735 1 CAMERA 238 238
239 239 0.92395777956804337 -0.21363196634960405 0.18811982860048521 -0.25548842364501884 -1.7772369438870117 -1.2748578826742867 1.5834614779168694 1 CAMERA 239 239
240 240 0.92076404265460465 -0.19867951749216223 0.20650743385438006 -0.26471627612655407 -1.787071222095415 -1.0673499466086305 1.5842299952179493 1 CAMERA 240 240
241 241 0.91697942025418711 -0.18731671070126571 0.22333382358154236 -0.27236592291768402 -2.1219100774996278 -1.1646458845437733 1.476754160951397 1 CAMERA 241 241
242 242 0.91326269887945821 -0.17565654302510533 0.23914884755336438 -0.27911261247348762 -2.266125018091961 -1.102155044967579 1.4698339679536776 1 CAMERA 242 242
243 243 0.90954837382569442 -0.16381807135827753 0.25671885978291703 -0.28280880856021456 -2.2137671459890313 -0.86325072975070549 1.624691521161983 1 CAMERA 243 243
244 244 0.9062331322868814 -0.15296167362167495 0.27142136489650759 -0.28578782168959022 -2.2163423483061204 -0.68259181312917716 1.6621677491212934 1 CAMERA 244 244
245 245 0.90454237266708049 -0.13976043861918852 0.28169950621508955 -0.28795052360597539 -2.1882867085785911 -0.46185422999543169 1.6144429291811095 1 CAMERA 245 245
246 246 0.904379310415799 -0.12393132030483414 0.28821080823256229 -0.28926392923639449 -2.2159838441306534 -0.38206720569047126 1.5476704737904265 1 CAMERA 246 246
247 247 0.90503057921860897 -0.10813062610255456 0.29019792137504818 -0.29156917671026233 -2.2713070684698815 -0.25803679118534167 1.5592097542614676 1 CAMERA 247 247
248 248 0.90690359403398946 -0.091637364930930151 0.28703122802578884 -0.29451916510603521 -2.2412586231852183 0.026438052011558109 1.6649612883668208 1 CAMERA 248 248
249 249 0.91013236810916631 -0.073076565593984982 0.27782884467098179 -0.29854651421474765 -2.1145915284803811 0.32471905266071244 1.6684632022065642 1 CAMERA 249 249
250 250 0.91324037428636162 -0.056963614172808853 0.26676488660948322 -0.30262792453094461 -1.7322702037989923 0.45624421604797233 1.7207371349947547 1 CAMERA 250 250
251 251 0.91546755873270891 -0.043106771364288574 0.25566356587653682 -0.3077289330787974 -1.4492219825558605 0.56614808091036595 1.698327398651118 1 CAMERA 251 251
252 252 0.91786939653856725 -0.03152546882383421 0.2420234435816464 -0.31296416483400391 -1.235073114516523 0.62998963941296526 1.6858347307287844 1 CAMERA 252 252
253 253 0.91964750389634686 -0.021343611765028539 0.2290488382151421 -0.31832302544166718 -0.96420957221142523 0.75521146002310491 1.7307909799903787 1 CAMERA 253 253
254 254 0.92101466033316581 -0.013463951221367707 0.21653848016735819 -0.32351476639514065 -0.77019703613861357 0.70637411157717256 1.6066636262255873 1 CAMERA 254 254
255 255 0.92200865622048367 -0.0066456382000166098 0.20392760788107747 -0.32904316448045817 -0.773285398374425 0.59354592144181484 1.5260672826707427 1 CAMERA 255 255
256 256 0.92267249115882011 -0.00042214802601822177 0.1908536675093189 -0.3350375702037961 -0.68450967581829303 0.62190153797317071 1.4900727806038534 1 CAMERA 256 256
257 257 0.92287716757030269 0.0053576355919808596 0.17724458895020581 -0.34183824391976925 -0.54888779268202537 0.68679101862795666 1.5495846970895848 1 CAMERA 257 257
258 258 0.92305092619511409 0.010137313698511926 0.16149495664196453 -0.34898940026959285 -0.32826632144031442 0.62538124624961988 1.6835715001218408 1 CAMERA 258 258
259 259 0.92303952821640189 0.014627646754238607 0.14302200262415335 -0.3568315682024954 -0.17554511601676739 0.60414201373778986 1.6629254441919521 1 CAMERA 259 259
260 260 0.92223127980949227 0.017066570300072262 0.12696846197230113 -0.36479748955211722 0.11074598647201633 0.61293806890366531 1.6007616649110941 1 CAMERA 260 260
261 261 0.92151701676172582 0.016184025054007834 0.11261845896513799 -0.37129711532940585 0.42249899424524562 0.6159637159136615 1.6577087840118561 1 CAMERA 261 261
262 262 0.92115928085281384 0.010126817434919954 0.10154019205661846 -0.37556972224138596 0.75341615169455456 0.49044752291681964 1.7428611816123352 1 CAMERA 262 262
263 263 0.9206202673452798 0.0043581809564932628 0.097306274472222606 -0.37811482192608215 0.9600535333161383 0.47371733590322573 1.8821717384757612 1 CAMERA 263 263
264 264 0.91995519811692972 -0.0054038018688133934 0.10679923238500146 -0.37715667347267984 0.94474119011537416 0.67347506888489705 1.859432624598071 1 CAMERA 264 264
265 265 0.91756155582661336 -0.022632031136645317 0.14118826824072786 -0.37099117960789707 0.67371761782547668 0.67475354604036486 2.170425175471844 1 CAMERA 265 265
266 266 0.91301074525747938 -0.040757221811155243 0.17858293225137567 -0.36449741319125833 -0.22587386043215205 0.5972709471256531 1.9917318249100417 1 CAMERA 266 266
267 267 0.90724004039145145 -0.05265125050316953 0.21434470274046602 -0.35804986152499957 -0.97256483611080968 0.37230314992157104 2.1366591742204197 1 CAMERA 267 267
268 268 0.90152262860962762 -0.056206807564752138 0.24196343807201398 -0.35433238565580932 -1.6597376702264475 0.21193127733831563 2.1500999355099526 1 CAMERA 268 268
269 269 0.89346338934085323 -0.055890158072904282 0.27339649175368447 -0.3519287149905761 -2.0542019307166419 0.14472064003855348 2.2954862290146458 1 CAMERA 269 269
270 270 0.88844151745044508 -0.038398882299309697 0.29011308849578493 -0.35359806531138022 -2.1724796645188249 0.47721132317214121 2.4068881683507026 1 CAMERA 270 270
271 271 0.88484165548373594 -0.01057890989502824 0.30157732408301768 -0.35495696779350722 -2.0696981368288312 0.76539640472399251 2.4824046462781415 1 CAMERA 271 271
272 272 0.88176428252053629 0.016790296960424955 0.30740367807265612 -0.35736929737517659 -1.9888675677259395 1.2139318228205609 2.6569765182809668 1 CAMERA 272 272
273 273 0.87938236000805436 0.036921171270797991 0.30819868465760608 -0.36102224695159535 -1.7279757195063157 1.5049807679777656 2.9139959810060825 1 CAMERA 273 273
274 274 0.87712687074475681 0.055611803129516371 0.30901069707826823 -0.36341184496573248 -1.6224166894590784 1.4889593688631479 2.9102900701618686 1 CAMERA 274 274
275 275 0.87611818232385064 0.070560124681999625 0.30647232741168945 -0.36539418706005017 -1.5888792724720349 1.3983104586025998 2.734885315947881 1 CAMERA 275 275
276 276 0.87533685823876961 0.080859344740120201 0.30250901273894526 -0.3684229202812811 -1.4951970478875731 1.4054321229188187 2.6755372259199466 1 CAMERA 276 276
277 277 0.8757663585562977 0.087600805421589711 0.29635735882240932 -0.37085266613890855 -1.3937361354638278 1.4702533051447608 2.6199874259110705 1 CAMERA 277 277
278 278 0.8783577249964899 0.099368023838814767 0.2861891315407914 -0.36974245599509808 -1.3371206462517569 1.3660692077660388 2.6904815951845444 1 CAMERA 278 278
279 279 0.8841820170775091 0.11040295054638806 0.26928725997427172 -0.36540076738144406 -1.276062032321339 1.3393513452532773 2.6898669272730702 1 CAMERA 279 279
280 280 0.89190097706385607 0.1200788734405397 0.25156019950027542 -0.3561055704326615 -1.1978025840269966 1.4692728891764082 2.7314512232936488 1 CAMERA 280 280
281 281 0.90209999539546781 0.12727409407600856 0.23197257318218995 -0.34088946680098803 -1.0372194367446868 1.5217161209794363 2.6813165726518635 1 CAMERA 281 281
282 282 0.91555892719040521 0.13455730097936552 0.20699667217356435 -0.3174878915867072 -0.76443449726406154 1.4407901319953713 2.5586669500672268 1 CAMERA 282 282
283 283 0.92930737389943552 0.13868776340818123 0.18494146678008791 -0.28801069938840973 -0.47812163809056102 1.3863647619964572 2.4046211414653578 1 CAMERA 283 283
284 284 0.94296133173145658 0.1407062569410408 0.16279694035761677 -0.25401344910669271 -0.3038455325426922 1.3780224063010063 2.3820922797339588 1 CAMERA 284 284
285 285 0.95542045444416679 0.14110895735271786 0.14208485167348212 -0.21696062386860718 -0.24213313414709178 1.3042408774253469 2.4036743174820554 1 CAMERA 285 285
286 286 0.96656748453864716 0.14086511864190743 0.1182059012258618 -0.17869437903307209 -0.26445769457337526 1.3295941729777641 2.2615701504999519 1 CAMERA 286 286
287 287 0.97521659760293888 0.13823316739815514 0.097997367328955531 -0.14226979717218602 -0.071101607809764031 1.2311312476712348 2.1638857926520818 1 CAMERA 287 287
288 288 0.98163419111864292 0.1341507423077041 0.080089702132857196 -0.10946932345369537 0.26775340133235559 1.2322540760550345 2.0157992132996299 1 CAMERA 288 288
289 289 0.9865224617302063 0.12766614123590295 0.063531555768037429 -0.080240453048328858 0.34416667506919085 1.0644202287769726 1.8688465146247057 1 CAMERA 289 289
290 290 0.98974252186283185 0.12047456647703436 0.051455118153772898 -0.056991140228581448 0.48925179143971048 0.87785385645564407 1.6795240721622409 1 CAMERA 290 290
291 291 0.99218081592445706 0.11131679855537287 0.041460004082380396 -0.038299698854564794 0.59283192305929933 0.65914816578022339 1.4837807663618321 1 CAMERA 291 291
292 292 0.99389781965664614 0.10199988353461327 0.034629011766870485 -0.023748250140593761 0.51303739933071046 0.47571524038977669 1.3336902528372909 1 CAMERA 292 292
293 293 0.99524701677234173 0.091836520897746687 0.030130619806053596 -0.0118985202968739 0.39709233213271028 0.37920113221688195 1.2775599831121136 1 CAMERA 293 293
294 294 0.99619945112972141 0.082343699803760564 0.028265091131012544 -0.0026931941677955503 0.1570950481369201 0.25405886295764107 1.3080559477572669 1 CAMERA 294 294
295 295 0.99682605180834183 0.073978734330778284 0.029226775504236309 0.0032809901910919067 -0.21409166014565986 0.14544821976613706 1.3188892676186978 1 CAMERA 295 295
296 296 0.99735985216560319 0.065733306329182339 0.030218414574462386 0.0062693817754387914 -0.44498483133556466 0.23233509255934948 1.2945214681027182 1 CAMERA 296 296
297 297 0.99768389395781931 0.059677641292934985 0.031979197586399291 0.0065389439976498579 -0.62660269572187588 0.40138910120440235 1.3654006675231223 1 CAMERA 297 297
298 298 0.99791572478149715 0.054693858150006006 0.033935514030899741 0.0046009783682560606 -0.70859272123622208 0.5500313219737909 1.4425754365787227 1 CAMERA 298 298
299 299 0.99803640635178825 0.051590402011198827 0.035477814829809363 0.0017568926070596794 -0.72545121679400326 0.57220857868829289 1.5477597616711158 1 CAMERA 299 299
300 300 0.99811414933949183 0.049243982127671941 0.036629676242720212 -0.0012008042577967592 -0.75429930302521053 0.62116717605371052 1.5296266369651643 1 CAMERA 300 300
301 301 0.99821246291832133 0.047033306512389364 0.036648205757030677 -0.0040811723610793393 -0.71566300170082708 0.6016814953070857 1.5355781882611275 1 CAMERA 301 301
302 302 0.99823795382617708 0.046326353325838572 0.036620724633116469 -0.0058119752065969189 -0.72333869142726437 0.59309810602591362 1.5470239190726383 1 CAMERA 302 302
303 303 0.99831818298573682 0.04548561229342063 0.035287976017737928 -0.0068281288008670074 -0.76356608027003392 0.57400771655481797 1.6076241152716935 1 CAMERA 303 303
304 304 0.99845388570504323 0.0433015853986903 0.033946140603572129 -0.0079038193668067389 -0.73263138228266012 0.61212143264015095 1.582101204885316 1 CAMERA 304 304
305 305 0.99853421283734145 0.041751019841410997 0.033337458311512976 -0.0086540169193930101 -0.7557101241077554 0.6020902990275746 1.5345992669604567 1 CAMERA 305 305
