# Camera list with one line of data per camera:
#   CAMERA_ID, MODEL, WIDTH, HEIGHT, PARAMS[]
# Number of cameras: 363
1 SIMPLE_RADIAL 1920 1080 1599.8507028678985 960 540 0.12235872991913542
2 SIMPLE_RADIAL 1920 1080 1595.280215938305 960 540 0.11922048686363032
3 SIMPLE_RADIAL 1920 1080 1600.635128273675 960 540 0.10376696690962528
4 SIMPLE_RADIAL 1920 1080 1609.5671259042383 960 540 0.087845125756608966
5 SIMPLE_RADIAL 1920 1080 1606.7481727536112 960 540 0.081662049881815871
6 SIMPLE_RADIAL 1920 1080 1606.2071185444736 960 540 0.11423139453413803
7 SIMPLE_RADIAL 1920 1080 1597.0117235359419 960 540 0.12469528052443921
8 SIMPLE_RADIAL 1920 1080 1590.3435105601341 960 540 0.11160161206406748
9 SIMPLE_RADIAL 1920 1080 1596.1136146063188 960 540 0.15950364927258409
10 SIMPLE_RADIAL 1920 1080 1571.3571810735605 960 540 0.14883348659207996
11 SIMPLE_RADIAL 1920 1080 1562.6302753972986 960 540 0.14214880508968442
12 SIMPLE_RADIAL 1920 1080 1571.837181997359 960 540 0.1353430583433762
13 SIMPLE_RADIAL 1920 1080 1556.23967035395 960 540 0.11312853574991374
14 SIMPLE_RADIAL 1920 1080 1577.4657202492174 960 540 0.099428166233824847
15 SIMPLE_RADIAL 1920 1080 1570.8804731168022 960 540 0.092107669552483562
16 SIMPLE_RADIAL 1920 1080 1570.880677573783 960 540 0.079987114162017134
17 SIMPLE_RADIAL 1920 1080 1586.4734711287078 960 540 0.071882458857797413
18 SIMPLE_RADIAL 1920 1080 1605.3914989138611 960 540 0.069852580993422841
19 SIMPLE_RADIAL 1920 1080 1594.9626803341232 960 540 0.078304523173895066
20 SIMPLE_RADIAL 1920 1080 1582.1296232282446 960 540 0.077825191579964287
21 SIMPLE_RADIAL 1920 1080 1587.3951229238496 960 540 0.12031310974212205
22 SIMPLE_RADIAL 1920 1080 1587.1263698865346 960 540 0.13708634295815078
23 SIMPLE_RADIAL 1920 1080 1591.2487432134308 960 540 0.11022166367511566
24 SIMPLE_RADIAL 1920 1080 1595.9412398875972 960 540 0.10390780064191008
25 SIMPLE_RADIAL 1920 1080 1594.4812106861827 960 540 0.087190142882970847
26 SIMPLE_RADIAL 1920 1080 1600.2291283273184 960 540 0.11350722927311249
27 SIMPLE_RADIAL 1920 1080 1578.1430157833365 960 540 0.091316121768279634
28 SIMPLE_RADIAL 1920 1080 1580.0890132131358 960 540 0.094626037545192249
29 SIMPLE_RADIAL 1920 1080 1579.1265049460064 960 540 0.077609540025928403
30 SIMPLE_RADIAL 1920 1080 1570.1019983205754 960 540 0.078176576088147889
31 SIMPLE_RADIAL 1920 1080 1553.9365988748691 960 540 0.072875293924392168
32 SIMPLE_RADIAL 1920 1080 1557.6785186848122 960 540 0.071574499712446171
33 SIMPLE_RADIAL 1920 1080 1561.5125377816644 960 540 0.076169926607430674
34 SIMPLE_RADIAL 1920 1080 1561.1784779776854 960 540 0.091808881577861282
35 SIMPLE_RADIAL 1920 1080 1561.1311397913603 960 540 0.11019842261541399
36 SIMPLE_RADIAL 1920 1080 1564.6241031957343 960 540 0.13140492828749872
37 SIMPLE_RADIAL 1920 1080 1573.583328273075 960 540 0.13193460292803494
38 SIMPLE_RADIAL 1920 1080 1576.2921343453243 960 540 0.12426610779413781
39 SIMPLE_RADIAL 1920 1080 1569.9958644375372 960 540 0.11517147325281667
40 SIMPLE_RADIAL 1920 1080 1570.712619926772 960 540 0.099648679814057783
41 SIMPLE_RADIAL 1920 1080 1565.0897778222086 960 540 0.090633230756280048
42 SIMPLE_RADIAL 1920 1080 1554.7487005424034 960 540 0.086689269932120505
43 SIMPLE_RADIAL 1920 1080 1550.0896945090522 960 540 0.083584775258155955
44 SIMPLE_RADIAL 1920 1080 1571.9405871336739 960 540 0.081987191613899862
45 SIMPLE_RADIAL 1920 1080 1576.6662719501649 960 540 0.08151482006708087
46 SIMPLE_RADIAL 1920 1080 1588.6820776098273 960 540 0.081741590455018748
47 SIMPLE_RADIAL 1920 1080 1587.347930821471 960 540 0.10666942332401401
48 SIMPLE_RADIAL 1920 1080 1588.0391814845484 960 540 0.10685421960437931
49 SIMPLE_RADIAL 1920 1080 1585.5963632271967 960 540 0.11027460449146279
50 SIMPLE_RADIAL 1920 1080 1605.9338031190096 960 540 0.094810484645372672
51 SIMPLE_RADIAL 1920 1080 1608.6923577671764 960 540 0.082055905798054204
52 SIMPLE_RADIAL 1920 1080 1604.7312284106895 960 540 0.086836779871353478
53 SIMPLE_RADIAL 1920 1080 1603.7642620947342 960 540 0.082142019807925751
54 SIMPLE_RADIAL 1920 1080 1602.7953122003603 960 540 0.074416717788491626
55 SIMPLE_RADIAL 1920 1080 1604.2641376934866 960 540 0.079235355853182615
56 SIMPLE_RADIAL 1920 1080 1618.5393160177464 960 540 0.075438611092787433
57 SIMPLE_RADIAL 1920 1080 1611.6700302599302 960 540 0.060877665176674207
58 SIMPLE_RADIAL 1920 1080 1609.6213506421434 960 540 0.053360801873463294
59 SIMPLE_RADIAL 1920 1080 1605.6177157785555 960 540 0.032199949089935093
60 SIMPLE_RADIAL 1920 1080 1610.5761823112136 960 540 0.032909913415584684
61 SIMPLE_RADIAL 1920 1080 1604.079747854691 960 540 0.053196691414498759
62 SIMPLE_RADIAL 1920 1080 1610.7249504811027 960 540 0.092304646857599246
63 SIMPLE_RADIAL 1920 1080 1606.1767638522808 960 540 0.08989017569712944
64 SIMPLE_RADIAL 1920 1080 1602.3475428399333 960 540 0.10721422663896614
65 SIMPLE_RADIAL 1920 1080 1599.3178964048946 960 540 0.11113435044968786
66 SIMPLE_RADIAL 1920 1080 1593.3598414506371 960 540 0.10976846459934177
67 SIMPLE_RADIAL 1920 1080 1589.5618127980933 960 540 0.10794920591676303
68 SIMPLE_RADIAL 1920 1080 1592.288033369209 960 540 0.11161209313475733
69 SIMPLE_RADIAL 1920 1080 1592.5694555064815 960 540 0.12775115532595799
70 SIMPLE_RADIAL 1920 1080 1587.3447059629036 960 540 0.13338896061659139
71 SIMPLE_RADIAL 1920 1080 1582.5046488539751 960 540 0.14530669842456528
72 SIMPLE_RADIAL 1920 1080 1584.206109794309 960 540 0.15362030587278733
73 SIMPLE_RADIAL 1920 1080 1585.9444474930519 960 540 0.15905658898614222
74 SIMPLE_RADIAL 1920 1080 1580.9456449072404 960 540 0.15169767520385469
75 SIMPLE_RADIAL 1920 1080 1577.0926510436045 960 540 0.13475191975819689
76 SIMPLE_RADIAL 1920 1080 1578.6535298115755 960 540 0.1221833684928561
77 SIMPLE_RADIAL 1920 1080 1575.0260562321669 960 540 0.12875593060788948
78 SIMPLE_RADIAL 1920 1080 1587.2036106944172 960 540 0.092602099737262411
79 SIMPLE_RADIAL 1920 1080 1575.2460406058731 960 540 0.080608785412989811
80 SIMPLE_RADIAL 1920 1080 1583.0700415248209 960 540 0.081324874780436929
81 SIMPLE_RADIAL 1920 1080 1580.051966108294 960 540 0.075095965253238819
82 SIMPLE_RADIAL 1920 1080 1599.2821880122281 960 540 0.075238581202684784
83 SIMPLE_RADIAL 1920 1080 1592.9336588657081 960 540 0.10177174314737121
84 SIMPLE_RADIAL 1920 1080 1602.4281344326905 960 540 0.11501988702251364
85 SIMPLE_RADIAL 1920 1080 1596.1545843038789 960 540 0.11088845742927743
86 SIMPLE_RADIAL 1920 1080 1606.0690746755788 960 540 0.084163072979232839
87 SIMPLE_RADIAL 1920 1080 1611.9757075967366 960 540 0.068733601270199493
88 SIMPLE_RADIAL 1920 1080 1572.9552616419498 960 540 0.080119680641526567
89 SIMPLE_RADIAL 1920 1080 1569.1597796758801 960 540 0.091580911824704916
90 SIMPLE_RADIAL 1920 1080 1579.0650017608023 960 540 0.094652812390330229
91 SIMPLE_RADIAL 1920 1080 1583.7934556453974 960 540 0.082729481879765809
92 SIMPLE_RADIAL 1920 1080 1590.138229660887 960 540 0.074775320038684409
93 SIMPLE_RADIAL 1920 1080 1596.1856965090901 960 540 0.080677162112711157
94 SIMPLE_RADIAL 1920 1080 1575.0746762005645 960 540 0.082172935989443613
95 SIMPLE_RADIAL 1920 1080 1580.8490844000496 960 540 0.14191615909831309
96 SIMPLE_RADIAL 1920 1080 1567.0910912367983 960 540 0.1435979728449954
97 SIMPLE_RADIAL 1920 1080 1571.1008178812958 960 540 0.13224035934516515
98 SIMPLE_RADIAL 1920 1080 1569.9539482480648 960 540 0.11573373713600113
99 SIMPLE_RADIAL 1920 1080 1574.8873451833888 960 540 0.11335354249500394
100 SIMPLE_RADIAL 1920 1080 1577.4709309585203 960 540 0.1245063161615706
101 SIMPLE_RADIAL 1920 1080 1571.3419379025479 960 540 0.13171609562715869
102 SIMPLE_RADIAL 1920 1080 1579.0983053751152 960 540 0.09864276000851592
103 SIMPLE_RADIAL 1920 1080 1570.6468915494058 960 540 0.048401357695931319
104 SIMPLE_RADIAL 1920 1080 1561.8212248615396 960 540 0.077819164534961183
105 SIMPLE_RADIAL 1920 1080 1569.1193167143294 960 540 0.099930474525262894
106 SIMPLE_RADIAL 1920 1080 1578.2962603026153 960 540 0.096444783974380915
107 SIMPLE_RADIAL 1920 1080 1577.2785974437149 960 540 0.10963682005877101
108 SIMPLE_RADIAL 1920 1080 1581.5674167437392 960 540 0.11253311381710038
109 SIMPLE_RADIAL 1920 1080 1573.7867548779129 960 540 0.12994511089384433
110 SIMPLE_RADIAL 1920 1080 1577.6939983685781 960 540 0.12858414422524517
111 SIMPLE_RADIAL 1920 1080 1579.9986598777261 960 540 0.13326566913735338
112 SIMPLE_RADIAL 1920 1080 1579.6822976797164 960 540 0.12474793754226393
113 SIMPLE_RADIAL 1920 1080 1582.7848496121576 960 540 0.10258109469392772
114 SIMPLE_RADIAL 1920 1080 1589.5166034358924 960 540 0.087943619247606047
115 SIMPLE_RADIAL 1920 1080 1585.7562352503894 960 540 0.10129794357213937
116 SIMPLE_RADIAL 1920 1080 1572.236679555695 960 540 0.1084928835723265
117 SIMPLE_RADIAL 1920 1080 1580.9168908422353 960 540 0.11479804565683545
118 SIMPLE_RADIAL 1920 1080 1575.3198954807795 960 540 0.089832240560934737
119 SIMPLE_RADIAL 1920 1080 1569.7220551830214 960 540 0.10299780286734928
120 SIMPLE_RADIAL 1920 1080 1561.3170810847541 960 540 0.11959923680655235
121 SIMPLE_RADIAL 1920 1080 1548.9857997574843 960 540 0.16052539282880166
122 SIMPLE_RADIAL 1920 1080 1545.7841270242282 960 540 0.18687929705212358
123 SIMPLE_RADIAL 1920 1080 1545.6601824192892 960 540 0.15045908220251472
124 SIMPLE_RADIAL 1920 1080 1549.7904242864536 960 540 0.14900642387395668
125 SIMPLE_RADIAL 1920 1080 1549.7305596743452 960 540 0.15415362705553692
126 SIMPLE_RADIAL 1920 1080 1556.9340911873614 960 540 0.15264090440768807
127 SIMPLE_RADIAL 1920 1080 1558.0599961879479 960 540 0.15124713860821989
128 SIMPLE_RADIAL 1920 1080 1562.9396084582634 960 540 0.15205452481269779
129 SIMPLE_RADIAL 1920 1080 1550.1250209319644 960 540 0.14694954930472964
130 SIMPLE_RADIAL 1920 1080 1561.9728298824557 960 540 0.1711833902333908
131 SIMPLE_RADIAL 1920 1080 1562.5037767725807 960 540 0.14907045002315314
132 SIMPLE_RADIAL 1920 1080 1557.740621353259 960 540 0.14173274048592974
133 SIMPLE_RADIAL 1920 1080 1566.3122390010665 960 540 0.14966639576981416
134 SIMPLE_RADIAL 1920 1080 1556.2735514011654 960 540 0.15918263760547943
135 SIMPLE_RADIAL 1920 1080 1557.3611381229257 960 540 0.17382019799508344
136 SIMPLE_RADIAL 1920 1080 1558.5890802674046 960 540 0.19077712902136279
137 SIMPLE_RADIAL 1920 1080 1552.8166782054316 960 540 0.12862235364582866
138 SIMPLE_RADIAL 1920 1080 1555.485208376731 960 540 0.14262299921803645
139 SIMPLE_RADIAL 1920 1080 1567.711750944088 960 540 0.14771708078187157
140 SIMPLE_RADIAL 1920 1080 1576.0707961862906 960 540 0.15895172772969912
141 SIMPLE_RADIAL 1920 1080 1549.5697645899145 960 540 0.11669322815714812
142 SIMPLE_RADIAL 1920 1080 1562.5622365857178 960 540 0.12137409704947663
143 SIMPLE_RADIAL 1920 1080 1570.0897636948084 960 540 0.096662296449919902
144 SIMPLE_RADIAL 1920 1080 1570.8056278250426 960 540 0.10464506312501992
145 SIMPLE_RADIAL 1920 1080 1581.7780927644778 960 540 0.12216202663956605
146 SIMPLE_RADIAL 1920 1080 1574.2467968821688 960 540 0.13608769799568096
147 SIMPLE_RADIAL 1920 1080 1589.6121838766237 960 540 0.13796065298625554
148 SIMPLE_RADIAL 1920 1080 1587.0077518942587 960 540 0.11415392390661575
149 SIMPLE_RADIAL 1920 1080 1565.2567879109208 960 540 0.096722078331951636
150 SIMPLE_RADIAL 1920 1080 1570.200929501146 960 540 0.10628061954628962
151 SIMPLE_RADIAL 1920 1080 1566.8043937986015 960 540 0.10991075524884136
152 SIMPLE_RADIAL 1920 1080 1570.8236059085361 960 540 0.1097680489663154
153 SIMPLE_RADIAL 1920 1080 1562.5092399528312 960 540 0.11612769665743657
154 SIMPLE_RADIAL 1920 1080 1549.0858959046595 960 540 0.11423871976566312
155 SIMPLE_RADIAL 1920 1080 1559.7128528500266 960 540 0.11957423262857649
156 SIMPLE_RADIAL 1920 1080 1565.1428053705847 960 540 0.10787808529543151
157 SIMPLE_RADIAL 1920 1080 1559.7504254735159 960 540 0.10050969412462527
158 SIMPLE_RADIAL 1920 1080 1576.3751220597458 960 540 0.070319239343317672
159 SIMPLE_RADIAL 1920 1080 1578.1697983977119 960 540 0.052585215135801486
160 SIMPLE_RADIAL 1920 1080 1583.3492268675261 960 540 0.051492495942770472
161 SIMPLE_RADIAL 1920 1080 1556.4516074181536 960 540 0.03436548160574858
162 SIMPLE_RADIAL 1920 1080 1551.1246025004527 960 540 0.046759999907932559
163 SIMPLE_RADIAL 1920 1080 1545.8460500271087 960 540 0.05640764307849689
164 SIMPLE_RADIAL 1920 1080 1543.7212243546007 960 540 0.057112340637117162
165 SIMPLE_RADIAL 1920 1080 1548.6758257268789 960 540 0.057917675053714368
166 SIMPLE_RADIAL 1920 1080 1544.8767020867535 960 540 0.06742267759036169
167 SIMPLE_RADIAL 1920 1080 1543.8376068354999 960 540 0.066952040957376738
168 SIMPLE_RADIAL 1920 1080 1551.946553203305 960 540 0.06009709791324102
169 SIMPLE_RADIAL 1920 1080 1559.5148975426266 960 540 0.048527129227230584
170 SIMPLE_RADIAL 1920 1080 1556.4147957485886 960 540 0.03805538354741473
171 SIMPLE_RADIAL 1920 1080 1554.4731013563353 960 540 0.0491305024029451
172 SIMPLE_RADIAL 1920 1080 1566.010232475862 960 540 0.067766790628548498
173 SIMPLE_RADIAL 1920 1080 1580.4996743982028 960 540 0.075484636819063186
174 SIMPLE_RADIAL 1920 1080 1574.8651835267497 960 540 0.063243748293418833
175 SIMPLE_RADIAL 1920 1080 1584.9774862194702 960 540 0.048373012919126171
176 SIMPLE_RADIAL 1920 1080 1588.277627016319 960 540 0.060227591018243473
177 SIMPLE_RADIAL 1920 1080 1577.2585752487571 960 540 0.077881503738970501
178 SIMPLE_RADIAL 1920 1080 1584.4883481403281 960 540 0.082162973230047717
179 SIMPLE_RADIAL 1920 1080 1585.9746058249189 960 540 0.085256908408825938
180 SIMPLE_RADIAL 1920 1080 1583.8095869814219 960 540 0.080960006120117028
181 SIMPLE_RADIAL 1920 1080 1591.5812394011969 960 540 0.071057584694258533
182 SIMPLE_RADIAL 1920 1080 1593.0971268023072 960 540 0.047758630330127942
183 SIMPLE_RADIAL 1920 1080 1587.4797151812204 960 540 0.053134236600951505
184 SIMPLE_RADIAL 1920 1080 1591.0578536859189 960 540 0.079563462559682052
185 SIMPLE_RADIAL 1920 1080 1587.5786083014091 960 540 0.088914664285396641
186 SIMPLE_RADIAL 1920 1080 1585.7441845908368 960 540 0.08222866593222139
187 SIMPLE_RADIAL 1920 1080 1589.4814376082545 960 540 0.084531780386226121
188 SIMPLE_RADIAL 1920 1080 1601.7246609651352 960 540 0.056546520856702295
189 SIMPLE_RADIAL 1920 1080 1594.4756627546074 960 540 0.058758775233717211
190 SIMPLE_RADIAL 1920 1080 1586.0803922832472 960 540 0.069650832180698119
191 SIMPLE_RADIAL 1920 1080 1582.6279995792518 960 540 0.065047999930671868
192 SIMPLE_RADIAL 1920 1080 1577.3691027445357 960 540 0.066868288335603071
193 SIMPLE_RADIAL 1920 1080 1577.7145102237296 960 540 0.062354724106122875
194 SIMPLE_RADIAL 1920 1080 1574.2773299866694 960 540 0.058991145562480363
195 SIMPLE_RADIAL 1920 1080 1572.8894319056512 960 540 0.069433394862325221
196 SIMPLE_RADIAL 1920 1080 1580.3319195993402 960 540 0.066448415123356128
197 SIMPLE_RADIAL 1920 1080 1591.3764016422024 960 540 0.058843027748484759
198 SIMPLE_RADIAL 1920 1080 1585.9643974574492 960 540 0.057943274779473149
199 SIMPLE_RADIAL 1920 1080 1586.9037370055548 960 540 0.060592239649243845
200 SIMPLE_RADIAL 1920 1080 1592.3244381148072 960 540 0.06334223371115244
201 SIMPLE_RADIAL 1920 1080 1588.7183348515196 960 540 0.065806792617090812
202 SIMPLE_RADIAL 1920 1080 1586.4550998307734 960 540 0.090370478758434708
203 SIMPLE_RADIAL 1920 1080 1584.6354063799026 960 540 0.096816331799679078
204 SIMPLE_RADIAL 1920 1080 1587.2071004726527 960 540 0.068988325223253225
205 SIMPLE_RADIAL 1920 1080 1598.0677848301259 960 540 0.065366396821016873
206 SIMPLE_RADIAL 1920 1080 1589.2016600534666 960 540 0.0694759904631123
207 SIMPLE_RADIAL 1920 1080 1588.897326151618 960 540 0.070716358736841067
208 SIMPLE_RADIAL 1920 1080 1597.2106912893651 960 540 0.074906609739548491
209 SIMPLE_RADIAL 1920 1080 1592.5859314269767 960 540 0.085699387435391169
210 SIMPLE_RADIAL 1920 1080 1595.9955261252856 960 540 0.07919396581019153
211 SIMPLE_RADIAL 1920 1080 1589.9443864568887 960 540 0.093162224652837675
212 SIMPLE_RADIAL 1920 1080 1583.3583549098923 960 540 0.10710566132492182
213 SIMPLE_RADIAL 1920 1080 1586.2451561018052 960 540 0.10813472154242143
214 SIMPLE_RADIAL 1920 1080 1585.9647276678904 960 540 0.10280810951547685
215 SIMPLE_RADIAL 1920 1080 1589.3973028728087 960 540 0.10016921620900461
216 SIMPLE_RADIAL 1920 1080 1578.2914871669757 960 540 0.12624614914758064
217 SIMPLE_RADIAL 1920 1080 1584.0688143950549 960 540 0.13499827983849905
218 SIMPLE_RADIAL 1920 1080 1602.3554244535489 960 540 0.10375468033603799
219 SIMPLE_RADIAL 1920 1080 1609.6380457418229 960 540 0.09579001530040121
220 SIMPLE_RADIAL 1920 1080 1593.0123536505373 960 540 0.10526721262351474
221 SIMPLE_RADIAL 1920 1080 1584.778810951756 960 540 0.1412988018619481
222 SIMPLE_RADIAL 1920 1080 1603.2257080900058 960 540 0.12825991775410106
223 SIMPLE_RADIAL 1920 1080 1584.4656767060067 960 540 0.16017946601174729
224 SIMPLE_RADIAL 1920 1080 1602.9584513579023 960 540 0.092246471766005741
225 SIMPLE_RADIAL 1920 1080 1581.8709696779313 960 540 0.1033265073424659
226 SIMPLE_RADIAL 1920 1080 1597.1199154442163 960 540 0.074615156110759667
227 SIMPLE_RADIAL 1920 1080 1598.9243136664675 960 540 0.064441895932064064
228 SIMPLE_RADIAL 1920 1080 1595.3229467460765 960 540 0.069676696290853171
229 SIMPLE_RADIAL 1920 1080 1579.9897087295533 960 540 0.067828587334563539
230 SIMPLE_RADIAL 1920 1080 1567.4105349180866 960 540 0.066354112819158012
231 SIMPLE_RADIAL 1920 1080 1588.9715557031529 960 540 0.068685684691191545
232 SIMPLE_RADIAL 1920 1080 1585.5179616042476 960 540 0.060828726160055448
233 SIMPLE_RADIAL 1920 1080 1588.5355532915073 960 540 0.052166768342076696
234 SIMPLE_RADIAL 1920 1080 1587.3564395475885 960 540 0.053735038286502307
235 SIMPLE_RADIAL 1920 1080 1587.0669040199998 960 540 0.053453693856822207
236 SIMPLE_RADIAL 1920 1080 1586.0650172675842 960 540 0.055132081372396148
237 SIMPLE_RADIAL 1920 1080 1584.7836077795625 960 540 0.057420038947758947
238 SIMPLE_RADIAL 1920 1080 1584.9985681602941 960 540 0.060230902662740893
239 SIMPLE_RADIAL 1920 1080 1588.3429143143619 960 540 0.059212801079489667
240 SIMPLE_RADIAL 1920 1080 1585.8882555288324 960 540 0.05988580808054287
241 SIMPLE_RADIAL 1920 1080 1591.5377861569352 960 540 0.059112497690571905
242 SIMPLE_RADIAL 1920 1080 1597.4005474877199 960 540 0.0593474950996455
243 SIMPLE_RADIAL 1920 1080 1600.6090833811004 960 540 0.059461323962910886
244 SIMPLE_RADIAL 1920 1080 1601.1223213183318 960 540 0.06161406812539752
245 SIMPLE_RADIAL 1920 1080 1602.7908313816308 960 540 0.066793329899277262
246 SIMPLE_RADIAL 1920 1080 1603.8647868020632 960 540 0.08225736181553335
247 SIMPLE_RADIAL 1920 1080 1602.6491634802819 960 540 0.095167522228822896
248 SIMPLE_RADIAL 1920 1080 1603.1604446455281 960 540 0.12220991109695876
249 SIMPLE_RADIAL 1920 1080 1619.1833486430476 960 540 0.10303627296203317
250 SIMPLE_RADIAL 1920 1080 1586.6498764583587 960 540 0.14533516979095615
251 SIMPLE_RADIAL 1920 1080 1591.1651880868808 960 540 0.1101850118570052
252 SIMPLE_RADIAL 1920 1080 1588.8435902776955 960 540 0.10518938122283615
253 SIMPLE_RADIAL 1920 1080 1583.2416019766747 960 540 0.11794260458188226
254 SIMPLE_RADIAL 1920 1080 1592.4528553910009 960 540 0.14093308235840685
255 SIMPLE_RADIAL 1920 1080 1589.2746636437937 960 540 0.13488723377720638
256 SIMPLE_RADIAL 1920 1080 1588.3878062656504 960 540 0.11471441412085132
257 SIMPLE_RADIAL 1920 1080 1589.2762123602663 960 540 0.10093368646794749
258 SIMPLE_RADIAL 1920 1080 1591.8093919802714 960 540 0.084364522406881901
259 SIMPLE_RADIAL 1920 1080 1587.7412439093439 960 540 0.086887647112917729
260 SIMPLE_RADIAL 1920 1080 1580.869117240275 960 540 0.093635248740168361
261 SIMPLE_RADIAL 1920 1080 1580.3983508284832 960 540 0.093456674520517632
262 SIMPLE_RADIAL 1920 1080 1581.6376685024052 960 540 0.10440325625382511
263 SIMPLE_RADIAL 1920 1080 1570.9447322959359 960 540 0.10634971715016463
264 SIMPLE_RADIAL 1920 1080 1575.5232665270207 960 540 0.089909813944460168
265 SIMPLE_RADIAL 1920 1080 1579.9596754915265 960 540 0.090506000954830773
266 SIMPLE_RADIAL 1920 1080 1575.6009151807148 960 540 0.10033765677708595
267 SIMPLE_RADIAL 1920 1080 1582.2376639567726 960 540 0.10632945158761607
268 SIMPLE_RADIAL 1920 1080 1599.416285990133 960 540 0.082667675254299577
269 SIMPLE_RADIAL 1920 1080 1596.4559144869663 960 540 0.075551064551501762
270 SIMPLE_RADIAL 1920 1080 1594.740212297002 960 540 0.072408877519735335
271 SIMPLE_RADIAL 1920 1080 1586.9792357171543 960 540 0.084665032181907796
272 SIMPLE_RADIAL 1920 1080 1593.8921400384368 960 540 0.08779680721588691
273 SIMPLE_RADIAL 1920 1080 1596.57729858421 960 540 0.097017185659412114
274 SIMPLE_RADIAL 1920 1080 1588.232755968889 960 540 0.10617529985119113
275 SIMPLE_RADIAL 1920 1080 1574.2247461371103 960 540 0.12593395139682581
276 SIMPLE_RADIAL 1920 1080 1577.5790073496723 960 540 0.11910719241381511
277 SIMPLE_RADIAL 1920 1080 1568.3252280483557 960 540 0.12626479146223649
278 SIMPLE_RADIAL 1920 1080 1568.1617173348154 960 540 0.1348545561623323
279 SIMPLE_RADIAL 1920 1080 1567.5074993261255 960 540 0.14860593131352498
280 SIMPLE_RADIAL 1920 1080 1568.9798483073321 960 540 0.1559292410521628
281 SIMPLE_RADIAL 1920 1080 1566.1197670783924 960 540 0.16382286578985583
282 SIMPLE_RADIAL 1920 1080 1563.2173990131439 960 540 0.15370293925998157
283 SIMPLE_RADIAL 1920 1080 1571.1054991743874 960 540 0.13722037474639043
284 SIMPLE_RADIAL 1920 1080 1574.7030906453117 960 540 0.12919086463605059
285 SIMPLE_RADIAL 1920 1080 1578.4242960243 960 540 0.11425860368822753
286 SIMPLE_RADIAL 1920 1080 1573.6392246743324 960 540 0.10712058319400172
287 SIMPLE_RADIAL 1920 1080 1580.3337136647183 960 540 0.09230078538663096
288 SIMPLE_RADIAL 1920 1080 1582.2214548430641 960 540 0.084754327598732554
289 SIMPLE_RADIAL 1920 1080 1585.8828102783846 960 540 0.073583835277542753
290 SIMPLE_RADIAL 1920 1080 1587.9683387931586 960 540 0.068863787981501487
291 SIMPLE_RADIAL 1920 1080 1590.0899479390537 960 540 0.067416573164183133
292 SIMPLE_RADIAL 1920 1080 1599.770800491262 960 540 0.061368747850560158
293 SIMPLE_RADIAL 1920 1080 1594.327063726254 960 540 0.065174412076963825
294 SIMPLE_RADIAL 1920 1080 1592.3272873235157 960 540 0.065547729305660954
295 SIMPLE_RADIAL 1920 1080 1594.7332463957184 960 540 0.065519421280681098
296 SIMPLE_RADIAL 1920 1080 1590.5753385959042 960 540 0.069657474272741104
297 SIMPLE_RADIAL 1920 1080 1589.5991405516083 960 540 0.066541925918053552
298 SIMPLE_RADIAL 1920 1080 1572.0596173558733 960 540 0.083088872833362276
299 SIMPLE_RADIAL 1920 1080 1576.7454153956974 960 540 0.077498500442376828
300 SIMPLE_RADIAL 1920 1080 1579.3277317278144 960 540 0.07338222807785881
301 SIMPLE_RADIAL 1920 1080 1592.2575528897728 960 540 0.065922636087613978
302 SIMPLE_RADIAL 1920 1080 1610.5567157982894 960 540 0.05179965972666211
303 SIMPLE_RADIAL 1920 1080 1598.8478943833368 960 540 0.07029923873085242
304 SIMPLE_RADIAL 1920 1080 1604.0310713690474 960 540 0.072952462543077426
305 SIMPLE_RADIAL 1920 1080 1601.0047531850098 960 540 0.083724908065768128
306 SIMPLE_RADIAL 1920 1080 1616.6600739388027 960 540 0.087784968313356138
307 SIMPLE_RADIAL 1920 1080 1620.716341594087 960 540 0.083872797953695732
308 SIMPLE_RADIAL 1920 1080 1623.7370206662572 960 540 0.087034088120955796
309 SIMPLE_RADIAL 1920 1080 1641.33021641805 960 540 0.078559799200103406
310 SIMPLE_RADIAL 1920 1080 1643.3510390919791 960 540 0.084294050257868389
311 SIMPLE_RADIAL 1920 1080 1646.5454741163726 960 540 0.089936653372832076
312 SIMPLE_RADIAL 1920 1080 1650.4475705280827 960 540 0.091624560125368085
313 SIMPLE_RADIAL 1920 1080 1650.3005645230326 960 540 0.091597464316321514
314 SIMPLE_RADIAL 1920 1080 1618.9554605616254 960 540 0.1254527288554747
315 SIMPLE_RADIAL 1920 1080 1623.1411690404097 960 540 0.12382356924903526
316 SIMPLE_RADIAL 1920 1080 1622.2533905441928 960 540 0.12561609978199889
317 SIMPLE_RADIAL 1920 1080 1624.2057228257033 960 540 0.13001302826078556
318 SIMPLE_RADIAL 1920 1080 1618.0424237182624 960 540 0.1299772459398596
319 SIMPLE_RADIAL 1920 1080 1612.7141803152729 960 540 0.12802244990761599
320 SIMPLE_RADIAL 1920 1080 1618.3893458617847 960 540 0.11649179122528015
321 SIMPLE_RADIAL 1920 1080 1620.9112757370901 960 540 0.10538679569124965
322 SIMPLE_RADIAL 1920 1080 1616.4927972780501 960 540 0.095963488946682954
323 SIMPLE_RADIAL 1920 1080 1618.0230873974715 960 540 0.087005092731337733
324 SIMPLE_RADIAL 1920 1080 1609.2130004493681 960 540 0.083799835753775337
325 SIMPLE_RADIAL 1920 1080 1610.3269493836788 960 540 0.07484550542247069
326 SIMPLE_RADIAL 1920 1080 1614.9211589836423 960 540 0.065310039556513599
327 SIMPLE_RADIAL 1920 1080 1621.7285022888573 960 540 0.060958378890255335
328 SIMPLE_RADIAL 1920 1080 1613.9418499861727 960 540 0.078162727995145218
329 SIMPLE_RADIAL 1920 1080 1605.2066687348638 960 540 0.084699702078488703
330 SIMPLE_RADIAL 1920 1080 1603.3114460551553 960 540 0.076983519331508168
331 SIMPLE_RADIAL 1920 1080 1608.517193817944 960 540 0.052466848461679094
332 SIMPLE_RADIAL 1920 1080 1623.1151373738517 960 540 0.0443777123466189
333 SIMPLE_RADIAL 1920 1080 1636.4346672261374 960 540 0.055731440437901333
334 SIMPLE_RADIAL 1920 1080 1631.1309459064619 960 540 0.075309624703929642
335 SIMPLE_RADIAL 1920 1080 1625.4288601841147 960 540 0.092020631697447661
336 SIMPLE_RADIAL 1920 1080 1619.2223790244334 960 540 0.089208731041977768
337 SIMPLE_RADIAL 1920 1080 1620.7345574722992 960 540 0.087310221115364739
338 SIMPLE_RADIAL 1920 1080 1619.4113777420127 960 540 0.087283628671077043
339 SIMPLE_RADIAL 1920 1080 1624.7320342777671 960 540 0.088048546981048872
340 SIMPLE_RADIAL 1920 1080 1634.993747419282 960 540 0.082248781603353097
341 SIMPLE_RADIAL 1920 1080 1636.2043839882685 960 540 0.079856537379957848
342 SIMPLE_RADIAL 1920 1080 1630.9382182862348 960 540 0.080798354578124398
343 SIMPLE_RADIAL 1920 1080 1621.3711730088169 960 540 0.083701469999724831
344 SIMPLE_RADIAL 1920 1080 1623.7081600662254 960 540 0.083132997848893123
345 SIMPLE_RADIAL 1920 1080 1619.9810227802072 960 540 0.083706157637469802
346 SIMPLE_RADIAL 1920 1080 1618.4486548500245 960 540 0.084802617277100159
347 SIMPLE_RADIAL 1920 1080 1617.8826365773095 960 540 0.08702057116868174
348 SIMPLE_RADIAL 1920 1080 1612.9715362904669 960 540 0.08414934105426973
349 SIMPLE_RADIAL 1920 1080 1612.675380357786 960 540 0.080916103715678755
350 SIMPLE_RADIAL 1920 1080 1610.1245049306763 960 540 0.082464092281032617
351 SIMPLE_RADIAL 1920 1080 1607.2679066835028 960 540 0.08126091493147633
352 SIMPLE_RADIAL 1920 1080 1596.9218092914598 960 540 0.083464872116151487
353 SIMPLE_RADIAL 1920 1080 1596.4863977260534 960 540 0.097201329245103427
354 SIMPLE_RADIAL 1920 1080 1610.2662432045322 960 540 0.081615406052484199
355 SIMPLE_RADIAL 1920 1080 1631.5806422224634 960 540 0.062459638682763052
356 SIMPLE_RADIAL 1920 1080 1633.9374973127226 960 540 0.048951278711673547
357 SIMPLE_RADIAL 1920 1080 1632.7788597982972 960 540 0.048678146833301787
358 SIMPLE_RADIAL 1920 1080 1629.5831369615296 960 540 0.046464569291800956
359 SIMPLE_RADIAL 1920 1080 1625.5060451624317 960 540 0.047859234241606353
360 SIMPLE_RADIAL 1920 1080 1624.3218234866683 960 540 0.050971098634946602
361 SIMPLE_RADIAL 1920 1080 1616.5788785507589 960 540 0.055841874293404301
362 SIMPLE_RADIAL 1920 1080 1612.5684675843806 960 540 0.060328929767029006
363 SIMPLE_RADIAL 1920 1080 1611.425563740373 960 540 0.062787606576785338
