# Frame list with one line of data per frame:
#   FRAME_ID, RIG_ID, RIG_FROM_WORLD[QW, QX, QY, QZ, TX, TY, TZ], NUM_DATA_IDS, DATA_IDS[] as (SENSOR_TYPE, SENSOR_ID, DATA_ID)
# Number of frames: 363
1 1 0.40132775013875294 -0.1588166468422669 0.47811531541000207 0.76493075165320668 0.42696337342632001 -2.6984017513858367 3.9014191765545179 1 CAMERA 1 1
2 2 0.38780897280360471 -0.15662259249330515 0.48331792932281964 0.76907564213722879 0.43536910076858432 -2.7053131777513153 3.8479529696894876 1 CAMERA 2 2
3 3 0.36903775949799483 -0.15168455535090561 0.49045726671580708 0.77476099363504225 0.22485375571146013 -2.6478369863048519 3.8012177637110804 1 CAMERA 3 3
4 4 0.34580047472604419 -0.14466510570417565 0.49869635123226869 0.78153438065031011 0.086399695291099449 -2.6551196412968059 3.7760558564659319 1 CAMERA 4 4
5 5 0.32021599133200002 -0.13921276765379392 0.50699085680141209 0.78806205043588107 0.1673944310173007 -2.5981657570139034 3.7892557653463399 1 CAMERA 5 5
6 6 0.29128598043944898 -0.13076529828651104 0.51653305643005709 0.79451023654732877 0.42591883308631817 -2.5993959803150171 3.7705025956615437 1 CAMERA 6 6
7 7 0.2590433575176318 -0.11865682308902513 0.52702483034387848 0.80066342832767035 0.49784195989397945 -2.6170749540258873 3.6559249025251632 1 CAMERA 7 7
8 8 0.22346369133964028 -0.10046118354838099 0.5386369212015879 0.8061276551337232 0.35980919772073061 -2.6098551336427214 3.5683680821774364 1 CAMERA 8 8
9 9 0.18960265774430218 -0.084163316976372082 0.55044439931018752 0.80868926759286153 0.21724675142620428 -2.507190138863773 3.6583240638328047 1 CAMERA 9 9
10 10 0.15393202265373845 -0.064187020940509237 0.56215077231567145 0.8100441148045 0.2697970798452845 -2.5003678670981824 3.5632943374222852 1 CAMERA 10 10
11 11 0.11820364962347144 -0.044263791809309602 0.57361032696556558 0.80934529512984177 0.27913486503656904 -2.6405696729645896 3.5073081625245375 1 CAMERA 11 11
12 12 0.082931023199615483 -0.023334516258288997 0.58720199429950359 0.80484269496140803 0.21957285139516353 -2.6796237433075589 3.5350359342429352 1 CAMERA 12 12
13 13 0.054658343411756273 -0.0089000052128919566 0.59612755804600726 0.80097764634276603 0.10526866458122031 -2.8617112879763758 3.3260097303772747 1 CAMERA 13 13
14 14 0.02904667577463528 0.004221909711000886 0.60464098132972266 0.79595712811775576 0.10638066427196252 -2.8308704854387523 3.3501361710015427 1 CAMERA 14 14
15 15 0.0069608548700593829 0.014857883543389818 0.61184032722832438 0.79081110498855922 0.093426121323813283 -2.7843529561490139 3.2572043464856915 1 CAMERA 15 15
16 16 -0.012421540934133035 0.026157679535978064 0.61831537780351409 0.78539644428391231 0.047089649007909365 -2.8077647313273526 3.1436196152661333 1 CAMERA 16 16
17 17 -0.028924866572702931 0.036001962862133835 0.62393025956984172 0.78011424929745687 0.044020072132914673 -2.7854692816691515 3.0863123741193186 1 CAMERA 17 17
18 18 -0.046074743698402434 0.046816631354890163 0.6296833074776621 0.77406992791717399 0.060302782789609197 -2.7591418934081617 3.1331062029634347 1 CAMERA 18 18
19 19 -0.06261657430979306 0.055730503432362577 0.63515763771488287 0.76782032459510408 0.058143994800404018 -2.733733862149919 3.1608104238852648 1 CAMERA 19 19
20 20 -0.079926223239081703 0.063122492594235385 0.64109094780513409 0.76067716306573974 0.0069615913605807723 -2.746235523764347 3.1825754709672331 1 CAMERA 20 20
21 21 -0.099615318474456718 0.072617275870307724 0.64618900322031714 0.75315555610215157 0.009671788829452313 -2.9082598692874067 3.1584348047670914 1 CAMERA 21 21
22 22 -0.11636247618066016 0.078188526329439234 0.65054564211041321 0.7464159001647046 -0.044762939669121184 -2.8883745033103274 3.0335884999947016 1 CAMERA 22 22
23 23 -0.13101005566632187 0.083974351346248657 0.6543948394467386 0.73996761262622934 -0.10608743772092329 -2.8773751133222216 2.9265957707420345 1 CAMERA 23 23
24 24 -0.14008363208940861 0.08758735995643506 0.65743492611413445 0.73517640626029623 -0.14338479144569355 -2.9202286286264716 2.8754055679449451 1 CAMERA 24 24
25 25 -0.14291856625413366 0.087544128527383094 0.66015532494130647 0.73219208950375991 -0.19176852602727507 -2.8281292562996847 2.9356494367131778 1 CAMERA 25 25
26 26 -0.13787747519941448 0.084973334933234085 0.66191000088609953 0.73187737013103704 -0.15819999856118608 -2.8359339022010746 3.0070686939140807 1 CAMERA 26 26
27 27 -0.12280296145671422 0.074153400335731368 0.66277759873451225 0.73494663785326841 -0.11332505756093242 -2.7064736390001123 3.144314267284142 1 CAMERA 27 27
28 28 -0.10639269986846094 0.064763243598343984 0.66311972347932202 0.73807760298360836 0.083620602127349467 -2.6263145867836504 3.3315179005463471 1 CAMERA 28 28
29 29 -0.08534105929035754 0.051971242029620557 0.66172704030466578 0.74305667195088532 0.19396857224648645 -2.5865949500618814 3.4035629879913447 1 CAMERA 29 29
30 30 -0.061937012469101681 0.039026355918500254 0.66062496591126019 0.74713814281220536 0.18983810142557145 -2.5835519835309841 3.4292249256011806 1 CAMERA 30 30
31 31 -0.034872239454210217 0.023023927196184162 0.66032493652400281 0.74981651348612277 0.20711424472675474 -2.519658378175571 3.4655890002226757 1 CAMERA 31 31
32 32 -0.0075364637487871046 0.0074799057272345515 0.65839551917251737 0.75259723163058889 0.23632410877597254 -2.4654373079836658 3.5577269428709268 1 CAMERA 32 32
33 33 0.021077135412656999 -0.0088301681472747612 0.65627773908890275 0.75417326369319504 0.24305468902906846 -2.4185036315184503 3.6906845890889417 1 CAMERA 33 33
34 34 0.048996191542055777 -0.024249790600266864 0.6539028582414137 0.75460080363986293 0.27343296808780443 -2.4268006209937965 3.7906160412524441 1 CAMERA 34 34
35 35 0.075725932947264929 -0.039703897508021752 0.65099119974639574 0.75425436124339862 0.32127899566973234 -2.3526151691719042 3.8263887753551269 1 CAMERA 35 35
36 36 0.094842602950369365 -0.049967907974688038 0.64869441609941869 0.75346110938764865 0.39466023199317546 -2.2015296799144664 3.9351322821429471 1 CAMERA 36 36
37 37 0.10574485357048972 -0.055555126253047662 0.64687359851962378 0.75318404220259227 0.53898510089461615 -2.1448868876910874 4.0000271062139143 1 CAMERA 37 37
38 38 0.1054413943692315 -0.055199352324290851 0.64548179578453002 0.7544457536279392 0.56676773583309303 -2.20650067398934 3.9255693873365858 1 CAMERA 38 38
39 39 0.093037778312704794 -0.046823590807684612 0.64511902752592043 0.75694977605817493 0.4655733102511293 -2.3178201859658367 3.8130586877383674 1 CAMERA 39 39
40 40 0.070650126428437668 -0.032016515877865782 0.64592295011863821 0.75945180548651248 0.35604876926534151 -2.4136726069990653 3.7496293964697283 1 CAMERA 40 40
41 41 0.042189178999883684 -0.013489780327978011 0.64725974001510733 0.76098155559618808 0.26784607669469429 -2.4694223661448693 3.7229026241905898 1 CAMERA 41 41
42 42 0.008534706751872 0.0096912578828446897 0.64924004456010076 0.76047393304498367 0.25500056670519089 -2.5343248143778334 3.6491729702780269 1 CAMERA 42 42
43 43 -0.023124234890775561 0.029618066550838918 0.6512846636156181 0.75790258399981547 0.19992155346508322 -2.5942806774629004 3.5311693149653478 1 CAMERA 43 43
44 44 -0.053146215544552303 0.052067561368756801 0.65361419074266991 0.75316196032872473 0.12344921266549981 -2.5512482663909513 3.4409536141000272 1 CAMERA 44 44
45 45 -0.082814827171846905 0.073251732416365678 0.65605448182672255 0.74657109840494706 0.16300840240897646 -2.4832765385608622 3.2931022838133157 1 CAMERA 45 45
46 46 -0.10741288783364306 0.08972091157651875 0.65599606530655619 0.74167499071724963 0.057544529053939163 -2.4504246580592617 3.2750643354053794 1 CAMERA 46 46
47 47 -0.13080386696681354 0.10510684012822628 0.65585484415596129 0.73600089941653446 0.056951871192857641 -2.5500722006696539 3.2348972335920845 1 CAMERA 47 47
48 48 -0.15355408545849938 0.11773930181243211 0.65519360380121849 0.73026018732072284 0.12132850360698823 -2.6520392916342663 3.2605637875794531 1 CAMERA 48 48
49 49 -0.17662400823841246 0.12926601367249876 0.6540199823350713 0.7241216197086312 0.13367562145711342 -2.6305478607099175 3.2520658914302794 1 CAMERA 49 49
50 50 -0.19526648927915188 0.13507151475851353 0.65317058524085569 0.71902355360694115 0.052648984962715743 -2.6924981841933731 3.2895839351883733 1 CAMERA 50 50
51 51 -0.21453038199959465 0.14036684833737306 0.65245400170699286 0.71314629547062258 0.085219255664275392 -2.7346780202982157 3.2732489070935853 1 CAMERA 51 51
52 52 -0.23268078641891965 0.14285498018368292 0.65195097853787509 0.70739806887755896 0.13981576895447223 -2.7129737922415704 3.1769464491254622 1 CAMERA 52 52
53 53 -0.25198312164348968 0.14540649342597148 0.65264933611646891 0.69957866044005201 0.18210438227159639 -2.79457594566902 3.1922203676984968 1 CAMERA 53 53
54 54 -0.2732667105613249 0.15144721125643451 0.65398186470515685 0.68898241468009047 0.24213002923888186 -2.802529629161759 3.1839336859577165 1 CAMERA 54 54
55 55 -0.29571693984825126 0.15973749024436754 0.65238255841378667 0.67928817388108464 0.41128672066387012 -2.7022922192710106 3.2706400577955406 1 CAMERA 55 55
56 56 -0.32268435695584208 0.17509131907960504 0.6468285079747661 0.66845397525192185 0.57967059150915701 -2.7450946212419858 3.2461954255370684 1 CAMERA 56 56
57 57 -0.34715894330909225 0.19178574308895158 0.6389267671065626 0.65914450851318573 0.62136045407558704 -2.6794481723258401 3.1215718833297532 1 CAMERA 57 57
58 58 -0.36730037137212468 0.20914258335939123 0.63031931899253513 0.65118919917367013 0.68936784237995452 -2.6498226396293516 3.0174496871479657 1 CAMERA 58 58
59 59 -0.38428947664069457 0.22576964652363687 0.61933169143388722 0.64635742498825954 0.73553320443537507 -2.6431176451011114 2.8911713298074639 1 CAMERA 59 59
60 60 -0.39709039824522452 0.23934759478306072 0.60850360800625203 0.6440149870433034 0.69487137486939909 -2.6044520447787454 2.8747791629279353 1 CAMERA 60 60
61 61 -0.40824266234178425 0.25082705982807735 0.59609397053868241 0.64427920421935292 0.57892119157880417 -2.5569644833301441 2.9030181018597179 1 CAMERA 61 61
62 62 -0.42156025238470057 0.26288749888414603 0.58245342753581475 0.64337012775817248 0.5148423656558383 -2.6822450947460377 3.047193980516917 1 CAMERA 62 62
63 63 -0.4321890511550241 0.27162272215195543 0.57358786843250764 0.64064863853717369 0.50752997182990667 -2.6192081552232551 3.0315483168384918 1 CAMERA 63 63
64 64 -0.44379361332104739 0.28050778182180797 0.56511855509970532 0.63639895646903688 0.45206842094616007 -2.647796076097463 3.0174890700326285 1 CAMERA 64 64
65 65 -0.45576092157437326 0.28950047165169318 0.55716578844701892 0.63090232482004449 0.41346094419310547 -2.6156020155339865 3.0292106319965857 1 CAMERA 65 65
66 66 -0.46656555052997051 0.29835295236639636 0.55086263822120674 0.62438165947190694 0.41420099306126174 -2.5950281950084886 2.9985593716208929 1 CAMERA 66 66
67 67 -0.47684000809186239 0.30606470382671802 0.54507283702311615 0.61793495296348744 0.38361585834593998 -2.6456979039693569 2.9863817078409016 1 CAMERA 67 67
68 68 -0.48706974872666958 0.31246549575406862 0.53964448736607085 0.61148360656187151 0.35021526099776118 -2.6027765631058188 2.9705465705509195 1 CAMERA 68 68
69 69 0.49773836949210759 -0.31790780277485281 -0.53295512382019583 -0.60592902262889103 0.29192454449584715 -2.6210278002956007 3.0127731003851808 1 CAMERA 69 69
70 70 0.50879797392014547 -0.32256778571157402 -0.52618471126160726 -0.60017022167917178 0.25944737431878462 -2.6391933425037779 3.0495974667525996 1 CAMERA 70 70
71 71 0.52028057722023424 -0.32614778959191743 -0.51885064076386067 -0.5947518414352474 0.26908319564077804 -2.6371626327856545 3.1453389362516502 1 CAMERA 71 71
72 72 0.53278371944330871 -0.33049039250144741 -0.51060585200997932 -0.58838700924948728 0.25333362333523152 -2.6156404497303658 3.175913629801963 1 CAMERA 72 72
73 73 0.54610462304060847 -0.33597963675791953 -0.50196466784041394 -0.58044715230376864 0.21440347852722566 -2.6068353409024438 3.1852225770933846 1 CAMERA 73 73
74 74 0.55956052898720132 -0.34289152877454826 -0.49317069162110477 -0.57105173392625108 0.24394112866419446 -2.6189944475535838 3.1576049646113042 1 CAMERA 74 74
75 75 0.57422081848803486 -0.3514375645876141 -0.48435013514911918 -0.55871910330029695 0.30950047286478161 -2.5682054833466665 3.1062738883461747 1 CAMERA 75 75
76 76 0.58987304495772286 -0.36101434872468458 -0.47402165333621549 -0.54499715872249899 0.37281430267367577 -2.5395369599071635 3.0658475754489265 1 CAMERA 76 76
77 77 0.60590434860708453 -0.37115655043831264 -0.4629435043556836 -0.52991135785208099 0.48424307294779317 -2.5141630468664418 3.0410619113651767 1 CAMERA 77 77
78 78 0.62305288464067432 -0.38024416412575618 -0.44992241200059296 -0.51457681814167289 0.53955885238974755 -2.5478074185127046 3.0814112227079269 1 CAMERA 78 78
79 79 0.64144053430650361 -0.38974703274936456 -0.43440246941051563 -0.49794154876019237 0.61605871410542767 -2.5469488454329809 3.1149798940375617 1 CAMERA 79 79
80 80 0.66000229192325455 -0.39756256159046377 -0.41823434314819968 -0.48106238523612904 0.66477154474966926 -2.5557991373750433 3.144464891799601 1 CAMERA 80 80
81 81 0.67890803822583146 -0.40483374638541525 -0.39993689835487412 -0.4639439521689937 0.70966041847725359 -2.4814099408621133 3.1123035956168712 1 CAMERA 81 81
82 82 0.69697718363869332 -0.40963326419421131 -0.38254233963359707 -0.44730834190782109 0.67996155995166552 -2.5046805454225329 3.1666913384326034 1 CAMERA 82 82
83 83 0.71432119077494061 -0.41604425743396756 -0.36320715975304652 -0.42980573678141443 0.63898675687124673 -2.6064591890045268 3.2556294217371224 1 CAMERA 83 83
84 84 0.73065777359015383 -0.42190567337761886 -0.34443956971467166 -0.41169916623528563 0.6057248509658727 -2.5896114303044309 3.3598789229656023 1 CAMERA 84 84
85 85 0.7458422324127465 -0.42835951301741271 -0.32542188127766869 -0.39284614181987154 0.69967439019973565 -2.5571006973386479 3.3779762533978182 1 CAMERA 85 85
86 86 0.7598641865705722 -0.43395058885729326 -0.30636146704783401 -0.37474785643969999 0.83970687637056896 -2.5302229146898609 3.3644689093702018 1 CAMERA 86 86
87 87 0.77404799498384325 -0.43952336053886759 -0.28583491863203941 -0.35491874604298984 0.87155619011835073 -2.4629905710141213 3.2774186785539174 1 CAMERA 87 87
88 88 0.78508355514368489 -0.44410123866075146 -0.26862763282315349 -0.3380193724430125 0.72514819358612748 -2.4997779876654187 3.1080606187616184 1 CAMERA 88 88
89 89 0.79486079854356384 -0.44658309355266096 -0.25302849681049405 -0.32363008403645849 0.62365641103240554 -2.5291920372232619 3.0420356812637586 1 CAMERA 89 89
90 90 0.80399005180986227 -0.44872769291695436 -0.23798600097290937 -0.3092023892875424 0.63040737802034807 -2.4717766696392194 3.0289567278870524 1 CAMERA 90 90
91 91 0.81285693267341685 -0.4507428947037751 -0.2222606311810969 -0.29443957224837541 0.68097782444538224 -2.4980349683866594 2.9996738818179041 1 CAMERA 91 91
92 92 0.82135522958029328 -0.45218132559563962 -0.20708203880999992 -0.27932895450698908 0.79278434781937301 -2.4489418300667443 3.0829719742738892 1 CAMERA 92 92
93 93 0.82956726852690388 -0.45399056991562659 -0.1912992594240159 -0.2628978941724705 0.78684749910774776 -2.3849643123294255 3.100360766555835 1 CAMERA 93 93
94 94 0.83791779250286502 -0.45729343197249883 -0.17090888062742507 -0.24406278824232883 0.69320124402594541 -2.3774973005590789 3.0981975046377817 1 CAMERA 94 94
95 95 0.84439824467253488 -0.4576999291221483 -0.1579865981648847 -0.22922175742239165 0.45490543713024051 -2.3724001237717189 3.1544212688898448 1 CAMERA 95 95
96 96 0.84972960215043969 -0.45909653221349994 -0.14378914331696241 -0.21567257499034992 0.28664337455980926 -2.3348631929594501 3.1043998985897487 1 CAMERA 96 96
97 97 0.85437271078467847 -0.4600146622863544 -0.1304815379369858 -0.20349041698716483 0.35999448904430503 -2.3758259616640109 3.0823293119865132 1 CAMERA 97 97
98 98 0.85870760367202836 -0.46067091023573675 -0.11739907927585712 -0.19136619357556706 0.42342722958554901 -2.3775663974202126 3.0676177042355102 1 CAMERA 98 98
99 99 0.86341771450759797 -0.46122473540108683 -0.10180317488701054 -0.17725040849486998 0.37615563909524191 -2.341666815099845 3.0831085460281478 1 CAMERA 99 99
100 100 0.86660941972054339 -0.46288043040448135 -0.088061940958672008 -0.16424041936982631 0.14426097707369984 -2.3669020182036085 3.1604411336828915 1 CAMERA 100 100
101 101 0.87003837267626749 -0.46382312623240213 -0.074490609272369751 -0.14950748065921232 0.011211267818320306 -2.3462352549888092 3.2446074190484331 1 CAMERA 101 101
102 102 0.8731685617129008 -0.4645819118059753 -0.061830550663592956 -0.13385549321401069 -0.030616277621577821 -2.3662625722437789 3.4283590763601732 1 CAMERA 102 102
103 103 0.87571304153010221 -0.46598844306110992 -0.04793086091179638 -0.11697893998423135 0.029686144085236892 -2.3923360895573893 3.5599100317905132 1 CAMERA 103 103
104 104 0.87769763986846705 -0.46770495446381766 -0.035090652343092034 -0.098323825482215452 0.2122892795043769 -2.3468143777665635 3.6342354890362931 1 CAMERA 104 104
105 105 0.87972890854975849 -0.46835553819540549 -0.023915815100185114 -0.078410274145908482 0.36294100978148736 -2.3645750816060205 3.7626160502996444 1 CAMERA 105 105
106 106 0.88051683557768134 -0.47054237476809563 -0.0073161946292746695 -0.056801840709736824 0.3947390693483252 -2.3140443365961056 3.9113009740124092 1 CAMERA 106 106
107 107 0.88049769090350338 -0.47265710573068775 0.008998721889168915 -0.035186641218645273 0.31370479197737361 -2.3490098945835367 4.0332421788563515 1 CAMERA 107 107
108 108 0.88003894568280383 -0.47417070520850696 0.022343980624480311 -0.013940693433939572 0.30768977300975797 -2.3957208176521734 3.9960646209327 1 CAMERA 108 108
109 109 0.87917406575999146 -0.47501764313043127 0.036882910768594075 0.0071310380094447437 0.40964806045746716 -2.4042809814274921 3.791138363478002 1 CAMERA 109 109
110 110 0.87785820668114634 -0.47458290092187594 0.056456772511227937 0.030800518709176612 0.51746903657451582 -2.3424512559579922 3.6836728702632762 1 CAMERA 110 110
111 111 0.87701033697838637 -0.47272803800470886 0.069312657614073458 0.050762450805197611 0.48657825277365929 -2.263733531951591 3.6278748722867218 1 CAMERA 111 111
112 112 0.87637171928791124 -0.46951599166940727 0.081542475514528034 0.069843882237502139 0.48057894322823597 -2.3074240595614275 3.4945574305006448 1 CAMERA 112 112
113 113 0.87602552832976688 -0.46434713434833425 0.09370415638495791 0.090446357655941279 0.56683689343918764 -2.3008478540892927 3.2678087523912902 1 CAMERA 113 113
114 114 0.87556305344815755 -0.45586512876825747 0.11249048307853565 0.11367592104925607 0.5932567708628419 -2.2411814247138646 3.012549203643152 1 CAMERA 114 114
115 115 0.87521571971838885 -0.44958391166971151 0.12157235284451062 0.13073604456856419 0.45354441139909812 -2.2327773667810833 2.8765179981814963 1 CAMERA 115 115
116 116 0.87491464395643381 -0.44240200346617659 0.13170345504873607 0.14648902022993207 0.47182720072779433 -2.2275697541302337 2.8127380425488839 1 CAMERA 116 116
117 117 0.8747089047795864 -0.43408424523403666 0.14250858782653608 0.16169880127749803 0.48039932215199604 -2.3639525574591755 2.8656547860278958 1 CAMERA 117 117
118 118 0.87263627364981988 -0.42907274033256371 0.15280990005502795 0.17621478899125814 0.53147211580208431 -2.3697956281132551 2.839025060206791 1 CAMERA 118 118
119 119 0.86993731334887447 -0.42482410332671361 0.16328443547029711 0.18992563073251242 0.39198683714020133 -2.3455695580625044 2.7150848718778571 1 CAMERA 119 119
120 120 0.86540505668855405 -0.42208137813768087 0.17661389606066166 0.20427660121891242 0.15006158233896982 -2.2912769244046034 2.6665613689597762 1 CAMERA 120 120
121 121 0.85976662744005827 -0.42164244937631501 0.18933879126410033 0.21718612604616214 0.026284043479376379 -2.3293262022065631 2.6821636368834065 1 CAMERA 121 121
122 122 0.85434291796757911 -0.42415842177305635 0.19849088214426147 0.22536455236621705 -0.088583488578828265 -2.3329719645685065 2.7763855858168287 1 CAMERA 122 122
123 123 0.84860663721836627 -0.42907497109792947 0.20649377017240844 0.23048159867163331 -0.13916537787411593 -2.3359729375407614 2.8562574415220876 1 CAMERA 123 123
124 124 0.84385264274523797 -0.43615190277891369 0.21132710285271003 0.23027177559156256 -0.24482349943916176 -2.2795653584730116 2.953718413323164 1 CAMERA 124 124
125 125 0.83927735956583793 -0.44312190206627566 0.21856097450459369 0.22690877914475602 -0.33919212745973859 -2.346696540199916 3.0848009998295232 1 CAMERA 125 125
126 126 0.83556515869673786 -0.44917766454123037 0.2241600661175005 0.22320966826636149 -0.35850759836481166 -2.4254583923770494 3.2034637558778818 1 CAMERA 126 126
127 127 0.83145230045080609 -0.45632343738583231 0.22934353601254467 0.21876365113222829 -0.44941416097691128 -2.4250206313609883 3.2779888570913842 1 CAMERA 127 127
128 128 0.82729776492217288 -0.46257795208481328 0.23369222675944337 0.21676713208420315 -0.42650939256273068 -2.3909811812401318 3.3567207522459426 1 CAMERA 128 128
129 129 0.82421110380990181 -0.4679042882877687 0.23502248279767446 0.21565265112675192 -0.40165080747380422 -2.3791688445680919 3.342534070612059 1 CAMERA 129 129
130 130 0.82157008536893139 -0.46970729409797912 0.23821255704284897 0.21829436631564417 -0.3827251219102909 -2.3663192328663238 3.3904920563269876 1 CAMERA 130 130
131 131 0.82201938117336504 -0.46879351161482008 0.23549854166974876 0.22148863924505327 -0.38774445505217592 -2.3877575149150494 3.4062507187494702 1 CAMERA 131 131
132 132 0.82232685556928731 -0.46680450476761992 0.23369653324850967 0.22640235706770762 -0.35962776464039869 -2.4382782400587195 3.4053276963601489 1 CAMERA 132 132
133 133 0.82249349417437845 -0.46252948893357676 0.23400243549916458 0.2341234377163578 -0.32561180609905466 -2.4546703914317121 3.380209530112146 1 CAMERA 133 133
134 134 0.82153259439392556 -0.45697087230280115 0.23738277786110529 0.24476771639688943 -0.31088376571332038 -2.4666066980359802 3.3019625813607081 1 CAMERA 134 134
135 135 0.81918143497004758 -0.45000367500828287 0.24439577894811093 0.25828118845901221 -0.31753087764909044 -2.5250033823246505 3.249464201517529 1 CAMERA 135 135
136 136 0.81409964639199039 -0.44377184844989881 0.25515684351911438 0.27423219627381218 -0.37609088336048563 -2.583869236328046 3.2005134202950507 1 CAMERA 136 136
137 137 0.80762852639866467 -0.43823879347790989 0.26626831058630579 0.29117711107788297 -0.44623092048241253 -2.6398557010906187 3.1076984189069345 1 CAMERA 137 137
138 138 0.79899369574287926 -0.43228883887289621 0.28064238936292979 0.30979877863175054 -0.47344536295826861 -2.6562015963011416 3.0452036585505784 1 CAMERA 138 138
139 139 0.78842949955353081 -0.42617045988215924 0.2970159008714377 0.32945290708555919 -0.47765342932881022 -2.6171271135599112 2.9936005162249835 1 CAMERA 139 139
140 140 0.77679273609012556 -0.42096194016138622 0.31264437165115622 0.34876580533078599 -0.54709461283446037 -2.5849575029404037 2.9569859411044654 1 CAMERA 140 140
141 141 0.76531899901423717 -0.41508126736665552 0.32785149651520784 0.36675300607067379 -0.58779755199579364 -2.6143020836227713 2.9099202331614973 1 CAMERA 141 141
142 142 0.75445946664019026 -0.40912884379731052 0.3404733395376508 0.38403438314056643 -0.61269434764587283 -2.5929511712181514 2.9575747900188611 1 CAMERA 142 142
143 143 0.74354252722427594 -0.4041197938697339 0.35244652594701475 0.39951614330274715 -0.72015342373727853 -2.568519299054886 2.93488251735352 1 CAMERA 143 143
144 144 0.73296539743657663 -0.39947241767665459 0.36410546677882744 0.41305050870079085 -0.74933545134691448 -2.6448452059653511 2.8685412536414807 1 CAMERA 144 144
145 145 0.72200258597779765 -0.39482803524052368 0.37544013021977363 0.4264596077590937 -0.6437368174764857 -2.6467351851873793 2.8371272698034145 1 CAMERA 145 145
146 146 0.70960065674565853 -0.39112716221353055 0.38804279812389131 0.43921434146564642 -0.56517709360569024 -2.6294798009764495 2.8300002024742525 1 CAMERA 146 146
147 147 0.69546212055944634 -0.38450503435664396 0.40295057703939208 0.4540034690230626 -0.59709633242281757 -2.6962306453296199 2.9212591596036748 1 CAMERA 147 147
148 148 0.68041822882520819 -0.37749400104927899 0.41872903541921147 0.46818298554205329 -0.65806001379822032 -2.6340080144095195 2.9763711817268828 1 CAMERA 148 148
149 149 0.66546921034912676 -0.36862363492064065 0.43372894557743996 0.48285251125316303 -0.70796582866872726 -2.5488361134145769 3.0158396454927447 1 CAMERA 149 149
150 150 0.65128190197618674 -0.35837603494152481 0.44723939062475454 0.49736850444260133 -0.70321694000642176 -2.5477373144197824 3.0767638686682295 1 CAMERA 150 150
151 151 0.63749713295232857 -0.34719512407470737 0.45931339532945209 0.51194155542135866 -0.7032021345324746 -2.5083237804402185 3.1079183456495811 1 CAMERA 151 151
152 152 0.62837958618539635 -0.33755062196980734 0.46658927131056988 0.52296570171583712 -0.66105438124147442 -2.4015307601778537 3.151821107525703 1 CAMERA 152 152
153 153 0.62349558976697128 -0.32929144137033572 0.46976921560300944 0.53116596300319996 -0.68845501734041914 -2.4101788241839919 3.1493754432932177 1 CAMERA 153 153
154 154 0.62177507762087436 -0.32332006801731139 0.46988519693622938 0.53671946877958299 -0.71965962902822822 -2.2986494525098098 3.166537069506203 1 CAMERA 154 154
155 155 0.62228225659229419 -0.31927145280075314 0.46720538672339623 0.5408785992933538 -0.75338518498906759 -2.220123306609787 3.173850461424736 1 CAMERA 155 155
156 156 0.62494352910262396 -0.31587687277246129 0.462530215941925 0.54381355814374877 -0.86008257337883087 -2.3067040575257054 3.0986831914544331 1 CAMERA 156 156
157 157 0.62784324952390103 -0.3134023648590068 0.45737001644988168 0.54626411174512046 -0.91654834017626496 -2.3824709856145549 3.0045566501375571 1 CAMERA 157 157
158 158 0.63190746340943782 -0.30995671507804562 0.45004095724068827 0.54962071401227452 -1.0268602433522813 -2.4282537865912923 2.9388879519171534 1 CAMERA 158 158
159 159 0.63719540358674531 -0.30477086008763837 0.44107235559659258 0.55367130828483346 -1.1210568920842219 -2.3394012437044784 2.9122338120525351 1 CAMERA 159 159
160 160 0.6442450653642966 -0.29563276272711442 0.42981615849045057 0.55929208402819264 -1.2005271470828693 -2.2988774804166145 2.8758220396960175 1 CAMERA 160 160
161 161 0.65615272142082293 -0.28599298644147925 0.41388597521964055 0.56246779231776367 -1.2833719448804868 -2.2217388612462767 2.7549979553035455 1 CAMERA 161 161
162 162 0.66941094372186738 -0.27380077364505745 0.39735877339108899 0.56482575187919359 -1.2310042633670242 -2.1476110925619736 2.7020023208351818 1 CAMERA 162 162
163 163 0.68549579518077908 -0.25993066897338657 0.37794742746474197 0.5654089707364951 -1.1482722240037377 -2.2465399191081508 2.5385027885685423 1 CAMERA 163 163
164 164 0.70229180009139658 -0.24973820419163434 0.36037180410432268 0.56084687722953341 -1.1069139160174044 -2.2473245051080104 2.3749466817671316 1 CAMERA 164 164
165 165 0.71944844392609397 -0.24304674647277827 0.34459963840848146 0.55188160394242436 -1.0663924387912058 -2.1927780452404386 2.2890166053686833 1 CAMERA 165 165
166 166 0.73659156740614684 -0.23817525694763184 0.32972674312967765 0.54035699742779419 -0.98262934076539832 -2.1848059717822426 2.1955136195048777 1 CAMERA 166 166
167 167 0.75461647508968976 -0.2366190711029254 0.31561964661066866 0.52435639539053669 -0.94327909306020596 -2.1521122149379126 2.0888871675861336 1 CAMERA 167 167
168 168 0.77235952603581226 -0.23507393914500482 0.30416758317861869 0.50565115150651452 -0.97260876163254217 -2.1324139235380644 1.9789947469299725 1 CAMERA 168 168
169 169 0.79117996033954419 -0.23311083712073782 0.29343721577474519 0.48330964026424289 -1.0726923452474566 -2.0801264101040715 1.9278090915106363 1 CAMERA 169 169
170 170 0.81045145657438666 -0.23170303697357825 0.28099823957707942 0.45882690477810673 -1.1282071853407956 -2.0436423943040465 1.8473600959778329 1 CAMERA 170 170
171 171 0.83009002659189768 -0.22964715011716103 0.26526316002094996 0.43341457074195011 -0.98556543114894946 -1.9653314073537942 1.6690964958235752 1 CAMERA 171 171
172 172 0.84683346395543146 -0.22769028602902655 0.25171927228150781 0.40947237505762596 -0.73457977008984765 -1.8874388670719571 1.6101844926117126 1 CAMERA 172 172
173 173 0.86189783513465335 -0.22452789731766309 0.23836838731465948 0.38716902903682199 -0.58455581666339307 -1.8224024577394229 1.5208195252497692 1 CAMERA 173 173
174 174 0.87604242599098658 -0.22265258778340852 0.22251606178468397 0.36532464365959932 -0.61226630849951891 -1.8476810029218091 1.393285773626771 1 CAMERA 174 174
175 175 0.8895793066457387 -0.22025437590910529 0.20658084211184155 0.34272587114622627 -0.69002973703480075 -1.7847338213603385 1.3966968422627595 1 CAMERA 175 175
176 176 0.90253102956748144 -0.21964506144492577 0.18816046847454962 0.31904455136258764 -0.57330894749392036 -1.8436040563235996 1.4483319582875978 1 CAMERA 176 176
177 177 0.91447099551716593 -0.21980818078942735 0.17078968075571488 0.29369720285226925 -0.39279047071453232 -1.9066823577257248 1.4456207653345217 1 CAMERA 177 177
178 178 0.92433992908980767 -0.22190991793152973 0.15670100538467444 0.26794864941869606 -0.30363292661977676 -1.8773215460361801 1.5248902073533523 1 CAMERA 178 178
179 179 0.93235328839625942 -0.22482074862209286 0.14383752200825389 0.24389289425526231 -0.27533364575000979 -1.8748681160042673 1.6187456064641814 1 CAMERA 179 179
180 180 0.93869108917607991 -0.22723596016946285 0.13286322718168858 0.22264370723232704 -0.31406775092721922 -1.9026991445450085 1.6813160155788258 1 CAMERA 180 180
181 181 0.94295866173820109 -0.23000760096727171 0.12541962560530451 0.20541514857285106 -0.38315086355455513 -1.8678367015408479 1.753537377446361 1 CAMERA 181 181
182 182 0.94636781788106938 -0.23176177097693548 0.11871796245897807 0.19126024203228051 -0.50274969548159465 -1.8254264494825785 1.7618321482662009 1 CAMERA 182 182
183 183 0.9489190681063806 -0.23376861572910751 0.11425759789782532 0.17846578889757592 -0.57052816603924028 -1.7991427796357859 1.7308127062069385 1 CAMERA 183 183
184 184 0.95118208185441777 -0.2357551089911343 0.1106331882043748 0.16562751405309897 -0.46356981852532325 -1.8342659268704167 1.8126046710874475 1 CAMERA 184 184
185 185 0.95297006585248312 -0.23968965551967797 0.10446265277756743 0.15324645770994405 -0.32828267686363938 -1.8909956853141601 1.9615210964251399 1 CAMERA 185 185
186 186 0.95475027319800743 -0.24373272122303111 0.096512948223476322 0.14046895478631263 -0.36776691670344619 -1.857999693343221 1.9583059309235078 1 CAMERA 186 186
187 187 0.95592530782670404 -0.24667916364758574 0.091711201938928275 0.13017392794821073 -0.4011550239370934 -1.7695819477317263 1.9759614572483899 1 CAMERA 187 187
188 188 0.95683792197583217 -0.24928493817405151 0.086771981401799037 0.12160934960822976 -0.426360144028475 -1.7640429744618751 2.0198239765945791 1 CAMERA 188 188
189 189 0.9572311526819548 -0.25170446027464655 0.082556230774805825 0.11635228306003384 -0.46911954230451686 -1.7991751403131313 2.0551334727140609 1 CAMERA 189 189
190 190 0.9575849084982444 -0.25271214164282557 0.0799111864912109 0.11305714818742103 -0.51542239406329826 -1.8248674673737728 2.1296745496738168 1 CAMERA 190 190
191 191 0.95779550528954749 -0.2536214779802638 0.078219670750314288 0.11038840093940794 -0.54180345799525642 -1.8647112911727826 2.1814283191677823 1 CAMERA 191 191
192 192 0.95847991244690589 -0.25364853650774061 0.075764906136023755 0.10601111432983167 -0.59178733125556893 -1.8220447982382397 2.1853081478165333 1 CAMERA 192 192
193 193 0.95951836798879053 -0.25361504301438026 0.072575600223590359 0.098674686222595037 -0.61826136102480456 -1.8204370857462013 2.1324419253012312 1 CAMERA 193 193
194 194 0.96066738057058687 -0.25500248932515218 0.067409284264963093 0.086878666774463514 -0.7205020803906923 -1.792948104049596 2.0853716535377296 1 CAMERA 194 194
195 195 0.96178921999404199 -0.25749334603604135 0.060199063844716565 0.070955942405380709 -0.58702632596378279 -1.8830751531545211 2.1318114387519009 1 CAMERA 195 195
196 196 0.9624326756105428 -0.26173043673236945 0.050236458421262294 0.051930931537030628 -0.5169105766819414 -1.9607462608451904 2.2303564538850891 1 CAMERA 196 196
197 197 0.96242586226034266 -0.26630574427469711 0.041565308478453467 0.03301568339178608 -0.48024217790318779 -1.9623450696809028 2.3839111667670694 1 CAMERA 197 197
198 198 0.96204327353764074 -0.27046827514654342 0.032992591426397919 0.015203318427394842 -0.5398592792546395 -1.9780168438578234 2.4012797149652116 1 CAMERA 198 198
199 199 0.96140016717247878 -0.27405896419072384 0.02448444709432988 -0.0013836755119947699 -0.65572412850514161 -1.9330726714507263 2.3298397576309111 1 CAMERA 199 199
200 200 0.96055389508768185 -0.27704828610485471 0.016979372060859133 -0.017092768139312105 -0.69513560993327539 -1.8800879874144012 2.2587827764245842 1 CAMERA 200 200
201 201 0.95943311251445407 -0.27991235825839916 0.0077135206423626932 -0.032827974417382597 -0.6154975756579284 -1.9280898108327227 2.2316077884812997 1 CAMERA 201 201
202 202 0.95763949048435115 -0.28372234927557194 -0.0037824653083566107 -0.049131738648392043 -0.4510598262385464 -2.025918082789985 2.304231145258973 1 CAMERA 202 202
203 203 0.95560113301465832 -0.28680587336440877 -0.012610194285438425 -0.066406690813980707 -0.44059637268346319 -2.1237450134611233 2.371466484900524 1 CAMERA 203 203
204 204 0.95287029843779303 -0.29044516741167198 -0.021783002397925057 -0.08488403789175672 -0.50180148803186364 -2.1035625662647601 2.3865544604464271 1 CAMERA 204 204
205 205 0.94951571338226626 -0.29476178075716275 -0.029950352676196407 -0.10314251800108395 -0.58083540756103402 -1.9432396631324202 2.2751301452551407 1 CAMERA 205 205
206 206 0.94613728752451798 -0.29819493168457911 -0.038026385176871381 -0.12024146499339219 -0.5273119720304088 -1.9380818146782512 2.2336766399804242 1 CAMERA 206 206
207 207 0.94232912775211874 -0.30131094342598652 -0.047990384932718046 -0.1375661779496786 -0.43538921222385679 -2.0074131482690136 2.3706560376708059 1 CAMERA 207 207
208 208 0.93859167657726539 -0.30393901773224258 -0.055115363320543197 -0.15371738641377583 -0.44857438271489125 -1.9358800404683572 2.5277043140564381 1 CAMERA 208 208
209 209 0.93460954645786276 -0.30618506706852655 -0.061870999246834521 -0.17008139176955306 -0.59273717274550652 -2.0022245051627428 2.5026726843448133 1 CAMERA 209 209
210 210 0.93007572715671205 -0.30750070545965713 -0.069345349910683737 -0.18866287483628449 -0.673525757512067 -2.0003415969740663 2.5773800343249431 1 CAMERA 210 210
211 211 0.92416344033968267 -0.30842369602945707 -0.081963509592534733 -0.20994938047616504 -0.5773610294845859 -1.9842877949387439 2.6175954467624942 1 CAMERA 211 211
212 212 0.9184698213841842 -0.307146701660785 -0.092825666058194575 -0.23120875110224146 -0.48900618648196648 -1.9359169120771407 2.7586620077246486 1 CAMERA 212 212
213 213 0.91170038039952506 -0.30626743392276329 -0.1035550082627487 -0.25353310545455243 -0.58702774246841072 -1.9466189467452162 2.7460013782308708 1 CAMERA 213 213
214 214 0.90340939198851555 -0.30355423996271635 -0.11730419453833464 -0.27918814410950687 -0.49555581821833616 -1.9584847826058933 2.6106798112287088 1 CAMERA 214 214
215 215 0.89327433337172313 -0.29980788163349953 -0.13515898401246351 -0.30644452759097507 -0.24155598592000591 -1.9431653141306304 2.6183936719182088 1 CAMERA 215 215
216 216 0.88216210224259339 -0.29680011726041128 -0.15279456547219844 -0.33219502784252575 -0.30731242820682442 -1.9156893687362617 2.5211269150960707 1 CAMERA 216 216
217 217 0.87017020190333416 -0.29265612263769891 -0.17008362167750507 -0.35808906048529632 -0.3088923411936596 -1.9442899475708926 2.4447613775671515 1 CAMERA 217 217
218 218 0.8566215488750869 -0.28786067829554091 -0.19077902454158949 -0.38332638271978886 0.080655247605655497 -2.0608103118864278 2.5314648470636243 1 CAMERA 218 218
219 219 0.84367641274590888 -0.28362198562621749 -0.20747919245561042 -0.40585842918880533 0.18382472709215611 -2.0536451158944353 2.696584888125749 1 CAMERA 219 219
220 220 0.82997774453610118 -0.28071999654853241 -0.22420493148978524 -0.42669119490354962 0.060029789023330352 -1.993481156907966 2.7002934418672502 1 CAMERA 220 220
221 221 0.81466225236102496 -0.27839420754291572 -0.2401758411287741 -0.44848371778995455 -0.11079631148368756 -1.9910619486154582 2.60254704299627 1 CAMERA 221 221
222 222 0.7983659540800776 -0.27401395968963715 -0.25649251557590214 -0.4708924959208407 -0.20325502477922702 -1.98032873348905 2.571417591118915 1 CAMERA 222 222
223 223 0.778258247477701 -0.26829706502944212 -0.27821111044717134 -0.49490338769630221 -0.062144379222053001 -2.0094327871346684 2.5590718361937368 1 CAMERA 223 223
224 224 0.75912816941128824 -0.26498081733572226 -0.29450996043225663 -0.51650118301563419 0.20632389704554352 -2.1281282457893314 2.5847296982684047 1 CAMERA 224 224
225 225 0.73958930976191417 -0.26074563094802189 -0.31178317124241134 -0.5364798439433105 0.41284568163855356 -2.1639234936081611 2.4682245854934854 1 CAMERA 225 225
226 226 0.72186800568803899 -0.25805190921720877 -0.32688998958696441 -0.55268320873820742 0.5027650120079209 -2.1829763090661101 2.4565170828524234 1 CAMERA 226 226
227 227 0.70664321377698691 -0.25565086143376103 -0.34041849971648597 -0.56516656882894678 0.619966248836884 -2.2526208647876387 2.4062325194341443 1 CAMERA 227 227
228 228 0.69522855392104965 -0.25484567501905986 -0.35063893217902137 -0.57337882676052998 0.70908601736109389 -2.2661842523320428 2.4384487604693135 1 CAMERA 228 228
229 229 0.68762097117377619 -0.25578935557648852 -0.35726228853617636 -0.57802496725114871 0.77546064022585948 -2.2081416511862191 2.5025080566066311 1 CAMERA 229 229
230 230 0.68266176121851496 -0.25805464112624277 -0.36252824336268774 -0.57961538517158528 0.75281465974153938 -2.1667528431823992 2.485881787354141 1 CAMERA 230 230
231 231 0.67988323776505288 -0.25887012930366204 -0.36577896521291392 -0.58047462284598084 0.76372211189110473 -2.1510554318216086 2.5116298829607606 1 CAMERA 231 231
232 232 0.67962824854021409 -0.26152983618625758 -0.36656564468538705 -0.57908308273246689 0.87730695570173456 -2.2140250465790814 2.5352747628061345 1 CAMERA 232 232
233 233 0.68099166693435909 -0.26464799137882788 -0.36656073052980109 -0.57605991099760923 0.94279938490172055 -2.1920048072876686 2.5551779575989428 1 CAMERA 233 233
234 234 0.68362456500860835 -0.26672491861749636 -0.36613890374487079 -0.57223908907884413 0.9300889347999316 -2.176061511865599 2.5506880196741433 1 CAMERA 234 234
235 235 0.68701315437871324 -0.26908867321201824 -0.36479535463804147 -0.56791598048840952 0.91920806067512317 -2.1685551588234713 2.5779926599208585 1 CAMERA 235 235
236 236 0.6912856803479358 -0.27155036618688588 -0.36301270783882023 -0.56267777698891508 0.87826510340993158 -2.1571507168685211 2.6127131858165615 1 CAMERA 236 236
237 237 0.69687758165663816 -0.27385546985517306 -0.36012818199376839 -0.5564822641815832 0.84495804176552891 -2.1443887977865237 2.634906021258133 1 CAMERA 237 237
238 238 0.70496106997635288 -0.27655878765943559 -0.35537074011393432 -0.54795689963446348 0.77245118309057248 -2.0959396835699753 2.6469920220212408 1 CAMERA 238 238
239 239 0.71600723477411032 -0.27963834615613753 -0.34845415651420114 -0.53639140179366129 0.69978375366348544 -2.1089640244961112 2.5942402129433697 1 CAMERA 239 239
240 240 0.73051081704917697 -0.28255292432238044 -0.33809085171603964 -0.52173975037075526 0.70943083610935587 -2.1398604034737452 2.5715519194214278 1 CAMERA 240 240
241 241 0.74704046761663234 -0.28699428677483457 -0.32515947881099005 -0.5038215283620705 0.71894334784268077 -2.1532552562188654 2.6114093560496063 1 CAMERA 241 241
242 242 0.76411463202300267 -0.29144658847190713 -0.31162990776494198 -0.48381247997840215 0.68463799094725852 -2.1388110141348955 2.6329868893116606 1 CAMERA 242 242
243 243 0.78084992405667975 -0.29761224902975736 -0.29746562532535509 -0.4617516075531547 0.61185248560773497 -2.1261937186913675 2.6441502637005638 1 CAMERA 243 243
244 244 0.79690297025026913 -0.30526023553753384 -0.28233296901300897 -0.43823502737020859 0.59902948938647482 -2.0702710370714628 2.7103684936027395 1 CAMERA 244 244
245 245 0.81089604344267674 -0.31390959556355552 -0.26882243281290513 -0.41429804749562688 0.61149781828390559 -2.0070763624792778 2.8095183806244628 1 CAMERA 245 245
246 246 0.82351763458017901 -0.32458899012846276 -0.25426840770147896 -0.38962580749714981 0.54973157588083799 -1.9783484184798601 2.924659135978843 1 CAMERA 246 246
247 247 0.8340125796460276 -0.33308544477775959 -0.2424771640768425 -0.36699036550110242 0.46684093964432977 -2.0159353817768473 3.054009603396973 1 CAMERA 247 247
248 248 0.84338292012151606 -0.33804214717716335 -0.23298857093582054 -0.34662527690928946 0.3799794419522316 -1.9803779037393361 3.1678488584216447 1 CAMERA 248 248
249 249 0.85296639677207364 -0.33974171607809739 -0.22191525019381092 -0.32829485842058709 0.24361568849575646 -1.9288476616333823 3.2723612164959346 1 CAMERA 249 249
250 250 0.86222210363747409 -0.33417194079433982 -0.21460826313445872 -0.31439696464680472 0.24350480974211122 -1.837129113160477 3.1013492404996028 1 CAMERA 250 250
251 251 0.87318510231676283 -0.32156355096085892 -0.2058657380466398 -0.30292566362726636 0.41503631509559163 -1.7005075579488396 3.0055781219827877 1 CAMERA 251 251
252 252 0.8861500512325412 -0.30042653392255336 -0.19570952060114347 -0.29356390779848313 0.42656005792602042 -1.6058137284495335 2.8856085842820751 1 CAMERA 252 252
253 253 0.89995660003704969 -0.27517373689874963 -0.18288550527137507 -0.28444757782861385 0.28382399522684815 -1.5195380640847806 2.7012864565277006 1 CAMERA 253 253
254 254 0.91347655564290642 -0.24610198402631747 -0.16700642268704202 -0.27767472072617516 0.080580813114449507 -1.4684048532395086 2.4700282299022653 1 CAMERA 254 254
255 255 0.92518631571440968 -0.21734111467835379 -0.1509804660485386 -0.27202577075882595 0.046736473331207694 -1.4279792479463551 2.2136801282828142 1 CAMERA 255 255
256 256 0.93557022329458484 -0.18524587083759256 -0.13337614559136543 -0.26944967695162225 0.12631140498924193 -1.384291925828022 1.968103645169726 1 CAMERA 256 256
257 257 0.94219438359210594 -0.1588519703970733 -0.11835967124433536 -0.27023468180711369 0.20630565998611902 -1.3100864781157782 1.902378611024683 1 CAMERA 257 257
258 258 0.94609065462861563 -0.13481654431066223 -0.10482089475642069 -0.27522636615519264 0.26332765373284261 -1.200919075630009 1.8033452261053273 1 CAMERA 258 258
259 259 0.94734036211645278 -0.11640227293146622 -0.094969198510207548 -0.28280311259918156 0.23005925820566081 -1.04495775884237 1.7666228878397952 1 CAMERA 259 259
260 260 0.94643229850306199 -0.10247376707788788 -0.089126423192586929 -0.2929530885653433 0.18037459792097132 -0.90751078989811507 1.7258349698978324 1 CAMERA 260 260
261 261 0.94386306384418106 -0.091273904373264325 -0.086436391818077024 -0.30548378232012191 0.13763705301517482 -0.77193868228692375 1.6812463258423003 1 CAMERA 261 261
262 262 0.93958846112160743 -0.081483651771917395 -0.086141518679483831 -0.3211130283570488 0.040412011737133546 -0.75789910697841745 1.5790047890374823 1 CAMERA 262 262
263 263 0.93268655925472177 -0.073855567652694368 -0.087358421798238065 -0.34206672368590291 0.037567742322583093 -0.69807571348456565 1.5195215588438471 1 CAMERA 263 263
264 264 0.9226953892088815 -0.067480728301352669 -0.089503565017538728 -0.36887488649912309 0.15112416727886407 -0.71796936640243603 1.4732327830873269 1 CAMERA 264 264
265 265 0.90828266171133176 -0.059789045707214772 -0.09253940995529164 -0.40358931360124689 0.12510270266729903 -0.79599069194058314 1.4373215543301614 1 CAMERA 265 265
266 266 0.88826999717305655 -0.054305404189529338 -0.095051702201838409 -0.44608576429485269 0.115967313532353 -0.78293429810093651 1.4227690719943507 1 CAMERA 266 266
267 267 0.86220308530557088 -0.049100199349429823 -0.097440089608303401 -0.49467205202085829 0.14886799781329077 -0.76230189814624782 1.3644123468228868 1 CAMERA 267 267
268 268 0.83157255713077638 -0.045934414412794007 -0.094887732972739544 -0.54531956679623128 0.24299377644591058 -0.76180434564354904 1.3276334643582184 1 CAMERA 268 268
269 269 0.7988386165825796 -0.043910152288382562 -0.09473743951992325 -0.59241335293496755 0.27589831383801466 -0.70975488791584707 1.297487089563532 1 CAMERA 269 269
270 270 0.76877859156439121 -0.041800936696329047 -0.094489427604999884 -0.63111322828353089 0.23235543941785278 -0.66622134674841293 1.269444241567578 1 CAMERA 270 270
271 271 0.74564923022854857 -0.039874038431897019 -0.09508296293794298 -0.6583133878918509 0.16300278871883278 -0.65074207319434363 1.2402595193372628 1 CAMERA 271 271
272 272 0.73302278697082601 -0.037991485878104712 -0.096077557403636021 -0.67231193931511279 0.080538135388928997 -0.70152451361239032 1.2876386292756545 1 CAMERA 272 272
273 273 0.73194030344979855 -0.037519652686654976 -0.098206495120156806 -0.67320959007155001 0.0016894640719262385 -0.70314357071443745 1.3926101897142984 1 CAMERA 273 273
274 274 0.74176570671155795 -0.037431528754300454 -0.10092998488533612 -0.6619634847579321 -0.060343759265611203 -0.72566679469049222 1.499652471098031 1 CAMERA 274 274
275 275 0.75990398431305273 -0.03678261012883785 -0.10320385610187736 -0.64073546671224668 -0.11972412634062868 -0.75107672624612387 1.628123387511806 1 CAMERA 275 275
276 276 0.78387361791863841 -0.03617587073989157 -0.10516459457217205 -0.6108795835152997 -0.1499597033105538 -0.76683010021288156 1.7531421156684088 1 CAMERA 276 276
277 277 0.81091973852768129 -0.034892275711192078 -0.10485492511921807 -0.57462783733485656 -0.1028349382821806 -0.78378361790280171 1.784070573001902 1 CAMERA 277 277
278 278 0.83919802653797793 -0.034199369329287306 -0.10320257130428773 -0.53284735588011112 -0.1394672228603015 -0.74084023444823732 1.8322481401955961 1 CAMERA 278 278
279 279 0.86673776254188184 -0.033179923412091299 -0.099727534859662265 -0.48756452132725464 -0.21691017626499245 -0.70300791741274993 1.8848098939009414 1 CAMERA 279 279
280 280 0.89308083710699127 -0.03184097066098808 -0.093706451484289993 -0.43887569074837618 -0.20247545057096494 -0.73580806245492147 1.9839337797081984 1 CAMERA 280 280
281 281 0.91698468900812335 -0.032201513844994263 -0.089076218420969341 -0.38751460610225463 -0.19658729769036026 -0.73183186235493303 2.0504401446134604 1 CAMERA 281 281
282 282 0.93791241692028493 -0.033833008313210268 -0.083784498384865277 -0.33489667595487493 -0.13439373219637923 -0.62058722835745639 2.0637298990494615 1 CAMERA 282 282
283 283 0.95603258219990328 -0.036090585929382121 -0.077528054707141317 -0.28051483403339927 -0.022341866295657126 -0.47233156423683603 2.0571217470926277 1 CAMERA 283 283
284 284 0.97084416202646573 -0.038258204086524542 -0.070430300456280889 -0.22591479733926595 0.009364744332956209 -0.40831979700564669 2.0190400554859784 1 CAMERA 284 284
285 285 0.98208325804857644 -0.040008691821817224 -0.062061137314103725 -0.17337875900663366 0.039351356065120441 -0.37899138338484073 2.0045893584146457 1 CAMERA 285 285
286 286 0.98988506155266176 -0.040319337763806883 -0.053791717169889598 -0.12493345060905696 0.13027462020326375 -0.36555399156527435 2.0251169785395864 1 CAMERA 286 286
287 287 0.99468138292580521 -0.039027642447469889 -0.046422262603405248 -0.083251204919692623 0.19838407083372875 -0.35051857543009451 1.9769329776124052 1 CAMERA 287 287
288 288 0.99721199203192512 -0.036531581855150284 -0.040091171313657567 -0.051248262971334738 0.21389337500176184 -0.34894835709492439 1.9972345846678587 1 CAMERA 288 288
289 289 0.99836905928311503 -0.034445931078733817 -0.034934376742224341 -0.029193982597441825 0.22261253513910442 -0.38653284181395592 2.0184817882522528 1 CAMERA 289 289
290 290 0.99890292998231711 -0.032199162896217229 -0.030217427522705505 -0.01559030004313886 0.25536762369454902 -0.38119190596603225 2.0017433170663392 1 CAMERA 290 290
291 291 0.99913337066808994 -0.030635466842003044 -0.026889362826224641 -0.0084224673103209264 0.25763792264663243 -0.38151105542094083 1.964002088553787 1 CAMERA 291 291
292 292 0.99927037092323678 -0.029986718414432238 -0.022904103287023341 -0.005909701032010448 0.23716987194014816 -0.37286224714795319 1.9629207999337892 1 CAMERA 292 292
293 293 0.99927260007113583 -0.031511627009170845 -0.020734705700502447 -0.0056000080196552454 0.24863847902288336 -0.36721572586927131 1.923534903054162 1 CAMERA 293 293
294 294 0.99923111693926192 -0.034267772095663326 -0.018071749181596708 -0.0060254972767505343 0.24929524102265418 -0.37197787753103473 1.9226038128025369 1 CAMERA 294 294
295 295 0.99908098147958802 -0.038885336199863341 -0.016970047720716131 -0.0060943051091618475 0.27247036958991205 -0.36821621470697075 1.8998859407522788 1 CAMERA 295 295
296 296 0.99877924895157622 -0.045987408240901889 -0.017218557870243449 -0.0053564364907222242 0.27405593655180488 -0.38754192084618944 1.9310168886348495 1 CAMERA 296 296
297 297 0.99827748249150905 -0.055741805195760656 -0.017989646953863979 -0.0033603134389833169 0.23230234711413833 -0.41552832959109298 1.8951233200223543 1 CAMERA 297 297
298 298 0.99757164633617723 -0.066999245182855174 -0.018982978903634335 0.0012482319498598718 0.23441675923239813 -0.3490018790597289 1.8662238331631154 1 CAMERA 298 298
299 299 0.99654051449477865 -0.08043385536024672 -0.019395871037440296 0.0078229194721661285 0.20836949266885266 -0.32076493079446766 1.8598081060692846 1 CAMERA 299 299
300 300 0.99549435048250023 -0.092055968940472507 -0.015461375995387012 0.016662610605335141 0.13800118543027567 -0.35964271658626662 1.8564429197561496 1 CAMERA 300 300
301 301 0.99469069072764771 -0.099194731440665498 -0.0069379601913497754 0.026508484350351452 0.065818649414934122 -0.49264981764356297 1.8388868031327616 1 CAMERA 301 301
302 302 0.99374931833649216 -0.10493013484187946 0.0061253173807015717 0.03760903607921684 -0.040867408050102569 -0.68664868754895281 1.8981556701660189 1 CAMERA 302 302
303 303 0.99335674281368036 -0.10039419354444526 0.029584028032161949 0.047834848118798561 -0.072831598795438268 -0.74670907967690769 2.0548552194322287 1 CAMERA 303 303
304 304 0.99360581963261607 -0.08454465932632399 0.049076334424898858 0.056490611352759464 -0.10076740140425934 -0.89826283563809017 2.1178404059615183 1 CAMERA 304 304
305 305 0.99293962602323038 -0.073023948218758655 0.068425488596596862 0.063689516953014683 -0.15276075614748374 -0.86186532346620437 2.15666810580435 1 CAMERA 305 305
306 306 0.99183940235048329 -0.058573676826778276 0.090222541408196535 0.068436958946716947 -0.20967993623118869 -0.75704713179424254 2.3240193976868393 1 CAMERA 306 306
307 307 0.99057470695823624 -0.042662556965287625 0.10995935525124161 0.069646222873313443 -0.32389798883166332 -0.70947298034584627 2.3985279166956541 1 CAMERA 307 307
308 308 0.989137302392054 -0.026287367616934555 0.12814072378448726 0.067054651056659614 -0.46523782319069584 -0.58986106625594414 2.4881451426680941 1 CAMERA 308 308
309 309 0.98719698988150573 -0.0082708893043235924 0.14762568503470613 0.059836048307384856 -0.57937634953381412 -0.48505676430562716 2.7277567934887568 1 CAMERA 309 309
310 310 0.98517315759959168 0.011699519048996356 0.16437602548904073 0.047723087114087563 -0.70620069030675181 -0.34251010173574886 2.9367253864822098 1 CAMERA 310 310
311 311 0.98283713360921232 0.034923623519011619 0.17853381777649746 0.030613481168890323 -0.80650987926496487 -0.18047776520694098 3.0907869855676626 1 CAMERA 311 311
312 312 0.97967726568681435 0.06322264252061012 0.19015212513284341 0.0088046508495104835 -0.80576552286370806 -0.068863621983121945 3.1951529544796471 1 CAMERA 312 312
313 313 0.9755416251525969 0.092668962155564999 0.19859417947921201 -0.017069063378504275 -0.73409148671077096 0.11082578116090537 3.2507289532113988 1 CAMERA 313 313
314 314 0.97018332073561564 0.12257706445088104 0.20390594990258479 -0.046276895221512286 -0.6462356184517607 0.27641005197037277 3.0748662882943663 1 CAMERA 314 314
315 315 0.96250817391533594 0.15684080069354284 0.20731089642710243 -0.077467222788513659 -0.55700085108589392 0.4099501406515762 3.0499656632038747 1 CAMERA 315 315
316 316 0.95414662749813561 0.18607223402942771 0.20705625750617285 -0.11004109770794403 -0.46346090309357679 0.69273846575114506 3.058478806253107 1 CAMERA 316 316
317 317 0.94501851006773829 0.21281223998818391 0.20366096450210158 -0.14203231209354214 -0.37966193893929573 0.98481424372741544 3.1183816300238969 1 CAMERA 317 317
318 318 0.93568818429064604 0.23780709627315433 0.19697413843741421 -0.17069445078221826 -0.32068572611960755 1.1295094852136396 3.1287685341765328 1 CAMERA 318 318
319 319 0.92664149629311665 0.26140040136178627 0.18729763880351546 -0.19474332341361239 -0.30839087468744569 1.2672692734297117 3.0901163509445406 1 CAMERA 319 319
320 320 0.91992753679893546 0.27878901342521434 0.17426628003654435 -0.21363819104894102 -0.27579151150040332 1.402271397573311 3.0644945235972547 1 CAMERA 320 320
321 321 0.91547763730954979 0.2928848450452341 0.15844276240779542 -0.22586512384505217 -0.25350779165868037 1.5182737604940475 2.9862078034029165 1 CAMERA 321 321
322 322 0.91184873838298097 0.30454371262781704 0.14543069920617804 -0.2337411327443972 -0.21082203226306184 1.549848807565716 2.9601899363964574 1 CAMERA 322 322
323 323 0.90871169036111166 0.31567522496650846 0.13429115955071891 -0.23781947062828712 -0.19812837158974603 1.5768792080539908 2.9274868707553354 1 CAMERA 323 323
324 324 0.90565020961111364 0.32665531353220528 0.12503065555890586 -0.23971094915133284 -0.18330074981148975 1.5662416564915134 2.9499732122151165 1 CAMERA 324 324
325 325 0.90160994159287655 0.33893761455666238 0.1186184227166913 -0.24114409893616187 -0.20516130813889799 1.6629913600980446 2.9794650229956665 1 CAMERA 325 325
326 326 0.89618887064235075 0.35224857256208864 0.11517570396661617 -0.24392828552784382 -0.23334250332733036 1.7448403041938914 2.9764916730560596 1 CAMERA 326 326
327 327 0.88935067351368224 0.36536328118497036 0.11455570219136435 -0.24988405987168441 -0.22031283499142687 1.7918523583051718 3.0317862146448613 1 CAMERA 327 327
328 328 0.8822714829178373 0.37554076315872292 0.11684126015046238 -0.25867795724138554 -0.11226466049052684 1.8431001456167033 3.1001709696064905 1 CAMERA 328 328
329 329 0.87491928359008853 0.38399538946991663 0.12104363627176375 -0.26909519911392382 -0.0326281930924558 1.9256889523544223 3.2277014836058315 1 CAMERA 329 329
330 330 0.86836189860877622 0.38901446041627596 0.12749828956354717 -0.27992775637647094 -0.067207171695021189 1.9262731175803811 3.3022148495265147 1 CAMERA 330 330
331 331 0.8642173512579473 0.39250515937500285 0.12967967149266729 -0.28679479153264864 -0.27134412020970927 1.886641130040299 3.2273812264037542 1 CAMERA 331 331
332 332 0.86230507961872194 0.39478307052200717 0.13066707013533435 -0.28896780733364236 -0.37176722115795985 1.9366792582081471 3.221182324801938 1 CAMERA 332 332
333 333 0.86321492673769484 0.39664321855316187 0.12806655342179105 -0.28483873565175122 -0.2315633465382993 2.044827283502392 3.4296096174871251 1 CAMERA 333 333
334 334 0.86714572852512795 0.39763959471953375 0.12120622963986777 -0.27431749508261016 -0.054018116304490028 2.1361196851769062 3.4998162686891003 1 CAMERA 334 334
335 335 0.87236470836460345 0.39853782432440921 0.11197060526642745 -0.2600192334020251 0.16980257375955859 2.1182758271575297 3.5136517669085978 1 CAMERA 335 335
336 336 0.87825998967907515 0.39881712470626945 0.10049878531454078 -0.24393500306482616 0.21139049945322894 2.1292519274696979 3.4337325584093943 1 CAMERA 336 336
337 337 0.883351304277328 0.39826197064576613 0.090589159108935516 -0.22993799212142066 0.24705779405972125 2.1314070042393083 3.4413300634555997 1 CAMERA 337 337
338 338 0.88784702088245882 0.39702863614756401 0.080886939572383229 -0.21806703693030188 0.28738767361253464 2.1185298985117607 3.4414948510223367 1 CAMERA 338 338
339 339 0.89105937371217303 0.39575880961389331 0.073728708151292621 -0.20964788271529383 0.34119567494274883 2.1062314366624983 3.5016746262401939 1 CAMERA 339 339
340 340 0.89376217309395545 0.39402382597837876 0.067764632057569205 -0.20332820057688272 0.4461063497881983 2.0468458842013542 3.534243509429845 1 CAMERA 340 340
341 341 0.89617874278411991 0.39159724808221563 0.063021250369325571 -0.19885567197894244 0.49652693955190402 2.0925437448547335 3.4885770893519581 1 CAMERA 341 341
342 342 0.89831698987814446 0.38857936381380503 0.060030346990934194 -0.19603321441652799 0.49060322620141139 2.136762340018604 3.4293229221937884 1 CAMERA 342 342
343 343 0.90077062574841726 0.38404150071675741 0.058593279970901094 -0.1941423010533187 0.439869733108462 2.1544743371563357 3.3741627536172127 1 CAMERA 343 343
344 344 0.9033167429536525 0.37885392069299784 0.058512594528993482 -0.1925223232683273 0.40882847569266523 2.1388222739080383 3.36302233382927 1 CAMERA 344 344
345 345 0.90586530695790335 0.37352409035546497 0.059044231232772172 -0.19079197659313957 0.40456198441503305 2.1375702268620631 3.2976659243723101 1 CAMERA 345 345
346 346 0.90859614075000961 0.36749527389907266 0.059952524216647082 -0.18922465884785453 0.38359093087552509 2.1866131903125172 3.2667092720958313 1 CAMERA 346 346
347 347 0.91091442451345295 0.36270861116405473 0.060631283707506395 -0.18708613534077698 0.39328972331610956 2.1422805294408303 3.2333579564718105 1 CAMERA 347 347
348 348 0.91210893644585234 0.36110230673394567 0.060908764103881366 -0.18426213550910919 0.38276640500031389 2.1008197084123359 3.1398962839469822 1 CAMERA 348 348
349 349 0.9134955530777541 0.35879867831630474 0.061335348026430717 -0.18173430613980884 0.36177047822197128 2.0812895791370956 3.0828437962301187 1 CAMERA 349 349
350 350 0.91584528664904907 0.35414065194955296 0.061293193253014085 -0.1790389734675536 0.34217595515565685 2.1068032461752475 3.065628597524312 1 CAMERA 350 350
351 351 0.91981575223074385 0.34550670396239697 0.060865152991532313 -0.17566881515097921 0.31934393005475958 2.1508977261251538 2.9795516146709922 1 CAMERA 351 351
352 352 0.92578073463718469 0.33154594313091301 0.059752250005897463 -0.17157210608750165 0.27050936908525125 2.1773642079014959 2.8343521695803537 1 CAMERA 352 352
353 353 0.9345369894964991 0.30833769112745818 0.057360426497174537 -0.16816142531826647 0.074043371069851566 1.9311784038121591 2.5198303057211455 1 CAMERA 353 353
354 354 0.94464022065631459 0.27854232300310544 0.054084308314483978 -0.1647541058928941 0.065789535737983712 1.6966626032992 2.2012332200080782 1 CAMERA 354 354
355 355 0.95229940264684187 0.25317894125550294 0.0529075194806366 -0.16194772553394152 0.090499348315462746 1.339893474175581 2.0842878768313096 1 CAMERA 355 355
356 356 0.95956574863995991 0.22460432053716034 0.05185080084742813 -0.16154865423318765 0.088910651483742567 1.0373010625758421 1.8940873043285464 1 CAMERA 356 356
357 357 0.96447787923801398 0.20168720070237417 0.051435184171397974 -0.16266258132292657 0.10003138191922333 0.89561712701170204 1.8472262226566147 1 CAMERA 357 357
358 358 0.96767469752266477 0.1835035351120087 0.051785288596535653 -0.16507700100495082 0.096559057944962029 0.77715822142767044 1.7610467109514756 1 CAMERA 358 358
359 359 0.96933582632754922 0.17115342851051216 0.052817059084970315 -0.16824065494582227 0.080856999283644884 0.70183646363880481 1.7048723006282911 1 CAMERA 359 359
360 360 0.97031606462976305 0.16174583075787999 0.054392890687930469 -0.17136637475439515 0.065497833652424689 0.78282582423349956 1.6722422741320238 1 CAMERA 360 360
361 361 0.97071410524869217 0.15628969267782186 0.056033537621520885 -0.17363150778450509 0.040871338898719974 0.81355147066346056 1.7021073794544819 1 CAMERA 361 361
362 362 0.97080618638544691 0.15351989769482632 0.057667927612104292 -0.1750468497643986 0.0060982441516741646 0.81594577691043679 1.7388261102803897 1 CAMERA 362 362
363 363 0.97077360794742884 0.15246993083668889 0.058818253790281605 -0.17576101764739813 -0.0033662976822679794 0.81137373685644276 1.7949209136335753 1 CAMERA 363 363
